crossing time (s)	slope (V/s)	crossing number
281474976710655.000000	63.683887	2839	0.000000
281474976710655.000000	44.624355	2840	0.000000
281474976710655.000000	63.107414	2841	0.000000
281474976710655.000000	56.788807	2842	0.000000
281474976710655.000000	37.835678	2843	0.000000
281474976710655.000000	62.977467	2844	0.000000
281474976710655.000000	112.554047	2845	0.000000
281474976710655.000000	56.365963	2846	0.000000
281474976710655.000000	43.046116	2847	0.000000
281474976710655.000000	56.079411	2848	0.000000
281474976710655.000000	56.571278	2849	0.000000
281474976710655.000000	42.989616	2850	0.000000
281474976710655.000000	43.904949	2851	0.000000
281474976710655.000000	55.917389	2852	0.000000
281474976710655.000000	43.656666	2853	0.000000
281474976710655.000000	74.430008	2854	0.000000
281474976710655.000000	55.729412	2855	0.000000
281474976710655.000000	42.564320	2856	0.000000
281474976710655.000000	55.451862	2857	0.000000
281474976710655.000000	87.294426	2858	0.000000
281474976710655.000000	55.499115	2859	0.000000
281474976710655.000000	55.529915	2860	0.000000
281474976710655.000000	46.024399	2861	0.000000
281474976710655.000000	86.507133	2862	0.000000
281474976710655.000000	59.082371	2863	0.000000
281474976710655.000000	55.496536	2864	0.000000
281474976710655.000000	54.986446	2865	0.000000
281474976710655.000000	55.020370	2866	0.000000
281474976710655.000000	41.895588	2867	0.000000
281474976710655.000000	59.715839	2868	0.000000
281474976710655.000000	45.372353	2869	0.000000
281474976710655.000000	36.530457	2870	0.000000
281474976710655.000000	42.026718	2871	0.000000
281474976710655.000000	73.621918	2872	0.000000
281474976710655.000000	74.505295	2873	0.000000
281474976710655.000000	53.384014	2874	0.000000
281474976710655.000000	53.974449	2875	0.000000
281474976710655.000000	54.395077	2876	0.000000
281474976710655.000000	53.736683	2877	0.000000
281474976710655.000000	41.367878	2878	0.000000
281474976710655.000000	54.045261	2879	0.000000
281474976710655.000000	72.218140	2880	0.000000
281474976710655.000000	59.911671	2881	0.000000
281474976710655.000000	41.920372	2882	0.000000
281474976710655.000000	52.321991	2883	0.000000
281474976710655.000000	35.826073	2884	0.000000
281474976710655.000000	71.986305	2885	0.000000
281474976710655.000000	53.695816	2886	0.000000
281474976710655.000000	53.288395	2887	0.000000
281474976710655.000000	44.281391	2888	0.000000
281474976710655.000000	52.966625	2889	0.000000
281474976710655.000000	71.911560	2890	0.000000
281474976710655.000000	40.765919	2891	0.000000
281474976710655.000000	53.460827	2892	0.000000
281474976710655.000000	41.074135	2893	0.000000
281474976710655.000000	71.290337	2894	0.000000
281474976710655.000000	52.940121	2895	0.000000
281474976710655.000000	40.430145	2896	0.000000
281474976710655.000000	71.131607	2897	0.000000
281474976710655.000000	40.628376	2898	0.000000
281474976710655.000000	58.056789	2899	0.000000
281474976710655.000000	105.365089	2900	0.000000
281474976710655.000000	70.443916	2901	0.000000
281474976710655.000000	40.165668	2902	0.000000
281474976710655.000000	40.731319	2903	0.000000
281474976710655.000000	70.806671	2904	0.000000
281474976710655.000000	52.101318	2905	0.000000
281474976710655.000000	52.030384	2906	0.000000
281474976710655.000000	57.781952	2907	0.000000
281474976710655.000000	52.074177	2908	0.000000
281474976710655.000000	51.720699	2909	0.000000
281474976710655.000000	69.935165	2910	0.000000
281474976710655.000000	40.117767	2911	0.000000
281474976710655.000000	51.480637	2912	0.000000
281474976710655.000000	39.402279	2913	0.000000
281474976710655.000000	55.795269	2914	0.000000
281474976710655.000000	57.445694	2915	0.000000
281474976710655.000000	80.044540	2916	0.000000
281474976710655.000000	79.862465	2917	0.000000
281474976710655.000000	39.249275	2918	0.000000
281474976710655.000000	39.339958	2919	0.000000
281474976710655.000000	39.601196	2920	0.000000
281474976710655.000000	69.279686	2921	0.000000
281474976710655.000000	69.400543	2922	0.000000
281474976710655.000000	50.922798	2923	0.000000
281474976710655.000000	51.110752	2924	0.000000
281474976710655.000000	50.695393	2925	0.000000
281474976710655.000000	49.167782	2926	0.000000
281474976710655.000000	54.619438	2927	0.000000
281474976710655.000000	49.562420	2928	0.000000
281474976710655.000000	41.885487	2929	0.000000
281474976710655.000000	78.355919	2930	0.000000
281474976710655.000000	56.067398	2931	0.000000
281474976710655.000000	50.388611	2932	0.000000
281474976710655.000000	38.298061	2933	0.000000
281474976710655.000000	67.428780	2934	0.000000
281474976710655.000000	67.502380	2935	0.000000
281474976710655.000000	38.185223	2936	0.000000
281474976710655.000000	67.407051	2937	0.000000
281474976710655.000000	50.162670	2938	0.000000
281474976710655.000000	48.273823	2939	0.000000
281474976710655.000000	49.939999	2940	0.000000
281474976710655.000000	54.082348	2941	0.000000
281474976710655.000000	49.890545	2942	0.000000
281474976710655.000000	38.825600	2943	0.000000
281474976710655.000000	38.941479	2944	0.000000
281474976710655.000000	66.079674	2945	0.000000
281474976710655.000000	55.535969	2946	0.000000
281474976710655.000000	38.155979	2947	0.000000
281474976710655.000000	41.396248	2948	0.000000
281474976710655.000000	37.881065	2949	0.000000
281474976710655.000000	77.447426	2950	0.000000
281474976710655.000000	49.063656	2951	0.000000
281474976710655.000000	48.783653	2952	0.000000
281474976710655.000000	37.737595	2953	0.000000
281474976710655.000000	37.742165	2954	0.000000
281474976710655.000000	65.908974	2955	0.000000
281474976710655.000000	48.742874	2956	0.000000
281474976710655.000000	48.446243	2957	0.000000
281474976710655.000000	48.676586	2958	0.000000
281474976710655.000000	48.460911	2959	0.000000
281474976710655.000000	37.312626	2960	0.000000
281474976710655.000000	36.910076	2961	0.000000
281474976710655.000000	53.498032	2962	0.000000
281474976710655.000000	37.062977	2963	0.000000
281474976710655.000000	53.687496	2964	0.000000
281474976710655.000000	48.049847	2965	0.000000
281474976710655.000000	36.933964	2966	0.000000
281474976710655.000000	36.452873	2967	0.000000
281474976710655.000000	63.870804	2968	0.000000
281474976710655.000000	47.994831	2969	0.000000
281474976710655.000000	47.663502	2970	0.000000
281474976710655.000000	39.722752	2971	0.000000
281474976710655.000000	39.501984	2972	0.000000
281474976710655.000000	36.999897	2973	0.000000
281474976710655.000000	48.082180	2974	0.000000
281474976710655.000000	47.250259	2975	0.000000
281474976710655.000000	41.961258	2976	0.000000
281474976710655.000000	37.466255	2977	0.000000
281474976710655.000000	56.379883	2978	0.000000
281474976710655.000000	47.485600	2979	0.000000
281474976710655.000000	47.593056	2980	0.000000
281474976710655.000000	47.537048	2981	0.000000
281474976710655.000000	47.336105	2982	0.000000
281474976710655.000000	39.366405	2983	0.000000
281474976710655.000000	74.314278	2984	0.000000
281474976710655.000000	74.611015	2985	0.000000
281474976710655.000000	47.376965	2986	0.000000
281474976710655.000000	63.452709	2987	0.000000
281474976710655.000000	46.990501	2988	0.000000
281474976710655.000000	46.882900	2989	0.000000
281474976710655.000000	62.400158	2990	0.000000
281474976710655.000000	50.536125	2991	0.000000
281474976710655.000000	38.998428	2992	0.000000
281474976710655.000000	38.605476	2993	0.000000
281474976710655.000000	51.358738	2994	0.000000
281474976710655.000000	46.539417	2995	0.000000
281474976710655.000000	36.094769	2996	0.000000
281474976710655.000000	62.444016	2997	0.000000
281474976710655.000000	46.261395	2998	0.000000
281474976710655.000000	57.144718	2999	0.000000
281474976710655.000000	45.878361	3000	0.000000
281474976710655.000000	43.205799	3001	0.000000
281474976710655.000000	71.402061	3002	0.000000
281474976710655.000000	50.850231	3003	0.000000
281474976710655.000000	62.130970	3004	0.000000
281474976710655.000000	34.719028	3005	0.000000
281474976710655.000000	45.314003	3006	0.000000
281474976710655.000000	41.234230	3007	0.000000
281474976710655.000000	61.340881	3008	0.000000
281474976710655.000000	56.132164	3009	0.000000
281474976710655.000000	37.936665	3010	0.000000
281474976710655.000000	45.835667	3011	0.000000
281474976710655.000000	61.753639	3012	0.000000
281474976710655.000000	45.281033	3013	0.000000
281474976710655.000000	37.920918	3014	0.000000
281474976710655.000000	43.014374	3015	0.000000
281474976710655.000000	44.329987	3016	0.000000
281474976710655.000000	39.355492	3017	0.000000
281474976710655.000000	37.413761	3018	0.000000
281474976710655.000000	55.589195	3019	0.000000
281474976710655.000000	50.479061	3020	0.000000
281474976710655.000000	44.470596	3021	0.000000
281474976710655.000000	39.081337	3022	0.000000
281474976710655.000000	42.339478	3023	0.000000
281474976710655.000000	39.025539	3024	0.000000
281474976710655.000000	57.961166	3025	0.000000
281474976710655.000000	49.349747	3026	0.000000
281474976710655.000000	35.476318	3027	0.000000
281474976710655.000000	35.392445	3028	0.000000
281474976710655.000000	34.212158	3029	0.000000
281474976710655.000000	34.239235	3030	0.000000
281474976710655.000000	51.980846	3031	0.000000
281474976710655.000000	44.142643	3032	0.000000
281474976710655.000000	54.259331	3033	0.000000
281474976710655.000000	33.943157	3034	0.000000
281474976710655.000000	40.180264	3035	0.000000
281474976710655.000000	43.360489	3036	0.000000
281474976710655.000000	36.410995	3037	0.000000
281474976710655.000000	58.960819	3038	0.000000
281474976710655.000000	48.805824	3039	0.000000
281474976710655.000000	43.630192	3040	0.000000
281474976710655.000000	43.456902	3041	0.000000
281474976710655.000000	44.258797	3042	0.000000
281474976710655.000000	53.816845	3043	0.000000
281474976710655.000000	59.019150	3044	0.000000
281474976710655.000000	45.271957	3045	0.000000
281474976710655.000000	43.562859	3046	0.000000
281474976710655.000000	38.363743	3047	0.000000
281474976710655.000000	58.769367	3048	0.000000
281474976710655.000000	58.760395	3049	0.000000
281474976710655.000000	44.899624	3050	0.000000
281474976710655.000000	48.476486	3051	0.000000
281474976710655.000000	40.857933	3052	0.000000
281474976710655.000000	33.278767	3053	0.000000
281474976710655.000000	43.270607	3054	0.000000
281474976710655.000000	37.573025	3055	0.000000
281474976710655.000000	39.112347	3056	0.000000
281474976710655.000000	53.157997	3057	0.000000
281474976710655.000000	33.470352	3058	0.000000
281474976710655.000000	44.485706	3059	0.000000
281474976710655.000000	43.068291	3060	0.000000
281474976710655.000000	43.194130	3061	0.000000
281474976710655.000000	42.628139	3062	0.000000
281474976710655.000000	42.733364	3063	0.000000
281474976710655.000000	37.048450	3064	0.000000
281474976710655.000000	32.893806	3065	0.000000
281474976710655.000000	57.164982	3066	0.000000
281474976710655.000000	52.319729	3067	0.000000
281474976710655.000000	36.845654	3068	0.000000
281474976710655.000000	36.812710	3069	0.000000
281474976710655.000000	32.515079	3070	0.000000
281474976710655.000000	34.833984	3071	0.000000
281474976710655.000000	34.754917	3072	0.000000
281474976710655.000000	36.695934	3073	0.000000
281474976710655.000000	39.904022	3074	0.000000
281474976710655.000000	42.790054	3075	0.000000
281474976710655.000000	55.298546	3076	0.000000
281474976710655.000000	41.443108	3077	0.000000
281474976710655.000000	51.587948	3078	0.000000
281474976710655.000000	34.709496	3079	0.000000
281474976710655.000000	33.454201	3080	0.000000
281474976710655.000000	46.259117	3081	0.000000
281474976710655.000000	41.786346	3082	0.000000
281474976710655.000000	36.466331	3083	0.000000
281474976710655.000000	37.715893	3084	0.000000
281474976710655.000000	43.413113	3085	0.000000
281474976710655.000000	32.128437	3086	0.000000
281474976710655.000000	39.080853	3087	0.000000
281474976710655.000000	51.047134	3088	0.000000
281474976710655.000000	40.866226	3089	0.000000
281474976710655.000000	42.688576	3090	0.000000
281474976710655.000000	35.824352	3091	0.000000
281474976710655.000000	50.817028	3092	0.000000
281474976710655.000000	33.701443	3093	0.000000
281474976710655.000000	38.084801	3094	0.000000
281474976710655.000000	44.224171	3095	0.000000
281474976710655.000000	53.375519	3096	0.000000
281474976710655.000000	49.806778	3097	0.000000
281474976710655.000000	31.486155	3098	0.000000
281474976710655.000000	55.106369	3099	0.000000
281474976710655.000000	33.535515	3100	0.000000
281474976710655.000000	45.061226	3101	0.000000
281474976710655.000000	45.157257	3102	0.000000
281474976710655.000000	39.952953	3103	0.000000
281474976710655.000000	40.395096	3104	0.000000
281474976710655.000000	40.022152	3105	0.000000
281474976710655.000000	50.295578	3106	0.000000
281474976710655.000000	49.727848	3107	0.000000
281474976710655.000000	35.391773	3108	0.000000
281474976710655.000000	40.073826	3109	0.000000
281474976710655.000000	40.244343	3110	0.000000
281474976710655.000000	34.980709	3111	0.000000
281474976710655.000000	40.133862	3112	0.000000
281474976710655.000000	43.769451	3113	0.000000
281474976710655.000000	41.111122	3114	0.000000
281474976710655.000000	37.494678	3115	0.000000
281474976710655.000000	34.789375	3116	0.000000
281474976710655.000000	40.924007	3117	0.000000
281474976710655.000000	33.304653	3118	0.000000
281474976710655.000000	49.181305	3119	0.000000
281474976710655.000000	33.373295	3120	0.000000
281474976710655.000000	39.153149	3121	0.000000
281474976710655.000000	44.487278	3122	0.000000
281474976710655.000000	39.456470	3123	0.000000
281474976710655.000000	34.964275	3124	0.000000
281474976710655.000000	30.452108	3125	0.000000
281474976710655.000000	53.519047	3126	0.000000
281474976710655.000000	40.496357	3127	0.000000
281474976710655.000000	39.370869	3128	0.000000
281474976710655.000000	32.725933	3129	0.000000
281474976710655.000000	51.548767	3130	0.000000
281474976710655.000000	43.091133	3131	0.000000
281474976710655.000000	32.710178	3132	0.000000
281474976710655.000000	40.413063	3133	0.000000
281474976710655.000000	40.644722	3134	0.000000
281474976710655.000000	34.304749	3135	0.000000
281474976710655.000000	31.124290	3136	0.000000
281474976710655.000000	37.422791	3137	0.000000
281474976710655.000000	38.716377	3138	0.000000
281474976710655.000000	45.109486	3139	0.000000
281474976710655.000000	33.862499	3140	0.000000
281474976710655.000000	38.005901	3141	0.000000
281474976710655.000000	47.689541	3142	0.000000
281474976710655.000000	38.479427	3143	0.000000
281474976710655.000000	33.713253	3144	0.000000
281474976710655.000000	33.413231	3145	0.000000
281474976710655.000000	36.245426	3146	0.000000
281474976710655.000000	33.773186	3147	0.000000
281474976710655.000000	40.144108	3148	0.000000
281474976710655.000000	38.203388	3149	0.000000
281474976710655.000000	38.183743	3150	0.000000
281474976710655.000000	34.217670	3151	0.000000
281474976710655.000000	39.240910	3152	0.000000
281474976710655.000000	46.682896	3153	0.000000
281474976710655.000000	34.567314	3154	0.000000
281474976710655.000000	35.604759	3155	0.000000
281474976710655.000000	41.182148	3156	0.000000
281474976710655.000000	37.627354	3157	0.000000
281474976710655.000000	37.605854	3158	0.000000
281474976710655.000000	37.306087	3159	0.000000
281474976710655.000000	33.102924	3160	0.000000
281474976710655.000000	32.473579	3161	0.000000
281474976710655.000000	32.780132	3162	0.000000
281474976710655.000000	47.232994	3163	0.000000
281474976710655.000000	43.770348	3164	0.000000
281474976710655.000000	46.955147	3165	0.000000
281474976710655.000000	43.656395	3166	0.000000
281474976710655.000000	36.867039	3167	0.000000
281474976710655.000000	33.509369	3168	0.000000
281474976710655.000000	32.617584	3169	0.000000
281474976710655.000000	40.512409	3170	0.000000
281474976710655.000000	45.452106	3171	0.000000
281474976710655.000000	36.959156	3172	0.000000
281474976710655.000000	32.194859	3173	0.000000
281474976710655.000000	35.412983	3174	0.000000
281474976710655.000000	43.644691	3175	0.000000
281474976710655.000000	40.563709	3176	0.000000
281474976710655.000000	33.334335	3177	0.000000
281474976710655.000000	40.231522	3178	0.000000
281474976710655.000000	36.665310	3179	0.000000
281474976710655.000000	36.829536	3180	0.000000
281474976710655.000000	32.124516	3181	0.000000
281474976710655.000000	43.143490	3182	0.000000
281474976710655.000000	45.109211	3183	0.000000
281474976710655.000000	45.544106	3184	0.000000
281474976710655.000000	36.553894	3185	0.000000
281474976710655.000000	37.416214	3186	0.000000
281474976710655.000000	37.307617	3187	0.000000
281474976710655.000000	36.556213	3188	0.000000
281474976710655.000000	36.361504	3189	0.000000
281474976710655.000000	36.224991	3190	0.000000
281474976710655.000000	39.311172	3191	0.000000
281474976710655.000000	40.355358	3192	0.000000
281474976710655.000000	40.147106	3193	0.000000
281474976710655.000000	32.897305	3194	0.000000
281474976710655.000000	33.856995	3195	0.000000
281474976710655.000000	30.083334	3196	0.000000
281474976710655.000000	31.468925	3197	0.000000
281474976710655.000000	31.565136	3198	0.000000
281474976710655.000000	29.661087	3199	0.000000
281474976710655.000000	41.952217	3200	0.000000
281474976710655.000000	35.578808	3201	0.000000
281474976710655.000000	31.124645	3202	0.000000
281474976710655.000000	35.072002	3203	0.000000
281474976710655.000000	29.806299	3204	0.000000
281474976710655.000000	30.630585	3205	0.000000
281474976710655.000000	36.837971	3206	0.000000
281474976710655.000000	36.118614	3207	0.000000
281474976710655.000000	34.271996	3208	0.000000
281474976710655.000000	38.985455	3209	0.000000
281474976710655.000000	43.541389	3210	0.000000
281474976710655.000000	35.033737	3211	0.000000
281474976710655.000000	31.149767	3212	0.000000
281474976710655.000000	40.922070	3213	0.000000
281474976710655.000000	35.111095	3214	0.000000
281474976710655.000000	27.928844	3215	0.000000
281474976710655.000000	41.400276	3216	0.000000
281474976710655.000000	30.384964	3217	0.000000
281474976710655.000000	34.011883	3218	0.000000
281474976710655.000000	38.130936	3219	0.000000
281474976710655.000000	40.947998	3220	0.000000
281474976710655.000000	34.602795	3221	0.000000
281474976710655.000000	40.902569	3222	0.000000
281474976710655.000000	39.122623	3223	0.000000
281474976710655.000000	30.401369	3224	0.000000
281474976710655.000000	30.023666	3225	0.000000
281474976710655.000000	30.732759	3226	0.000000
281474976710655.000000	40.652668	3227	0.000000
281474976710655.000000	30.338602	3228	0.000000
281474976710655.000000	38.169914	3229	0.000000
281474976710655.000000	34.861130	3230	0.000000
281474976710655.000000	32.441971	3231	0.000000
281474976710655.000000	35.509979	3232	0.000000
281474976710655.000000	30.902157	3233	0.000000
281474976710655.000000	30.564615	3234	0.000000
281474976710655.000000	37.387409	3235	0.000000
281474976710655.000000	34.066055	3236	0.000000
281474976710655.000000	34.093647	3237	0.000000
281474976710655.000000	32.392078	3238	0.000000
281474976710655.000000	30.189863	3239	0.000000
281474976710655.000000	30.447712	3240	0.000000
281474976710655.000000	29.947195	3241	0.000000
281474976710655.000000	35.504753	3242	0.000000
281474976710655.000000	29.949884	3243	0.000000
281474976710655.000000	30.531694	3244	0.000000
281474976710655.000000	35.094467	3245	0.000000
281474976710655.000000	37.455696	3246	0.000000
281474976710655.000000	39.258198	3247	0.000000
281474976710655.000000	29.449850	3248	0.000000
281474976710655.000000	30.100166	3249	0.000000
281474976710655.000000	41.538391	3250	0.000000
281474976710655.000000	41.567204	3251	0.000000
281474976710655.000000	33.860287	3252	0.000000
281474976710655.000000	39.075741	3253	0.000000
281474976710655.000000	30.186302	3254	0.000000
281474976710655.000000	38.880581	3255	0.000000
281474976710655.000000	30.167805	3256	0.000000
281474976710655.000000	32.879524	3257	0.000000
281474976710655.000000	31.439184	3258	0.000000
281474976710655.000000	40.753338	3259	0.000000
281474976710655.000000	36.441956	3260	0.000000
281474976710655.000000	37.196445	3261	0.000000
281474976710655.000000	29.741953	3262	0.000000
281474976710655.000000	28.058542	3263	0.000000
281474976710655.000000	28.867018	3264	0.000000
281474976710655.000000	28.926762	3265	0.000000
281474976710655.000000	37.068146	3266	0.000000
281474976710655.000000	29.261959	3267	0.000000
281474976710655.000000	32.350815	3268	0.000000
281474976710655.000000	32.754551	3269	0.000000
281474976710655.000000	38.536190	3270	0.000000
281474976710655.000000	31.955442	3271	0.000000
281474976710655.000000	38.651669	3272	0.000000
281474976710655.000000	29.211349	3273	0.000000
281474976710655.000000	34.649612	3274	0.000000
281474976710655.000000	30.672724	3275	0.000000
281474976710655.000000	29.012800	3276	0.000000
281474976710655.000000	37.752823	3277	0.000000
281474976710655.000000	36.823006	3278	0.000000
281474976710655.000000	28.234066	3279	0.000000
281474976710655.000000	29.196089	3280	0.000000
281474976710655.000000	29.606487	3281	0.000000
281474976710655.000000	30.585999	3282	0.000000
281474976710655.000000	30.331861	3283	0.000000
281474976710655.000000	35.885750	3284	0.000000
281474976710655.000000	28.704090	3285	0.000000
281474976710655.000000	30.504269	3286	0.000000
281474976710655.000000	32.054600	3287	0.000000
281474976710655.000000	32.711708	3288	0.000000
281474976710655.000000	35.478321	3289	0.000000
281474976710655.000000	37.490868	3290	0.000000
281474976710655.000000	32.544083	3291	0.000000
281474976710655.000000	27.988615	3292	0.000000
281474976710655.000000	35.625557	3293	0.000000
281474976710655.000000	38.922020	3294	0.000000
281474976710655.000000	27.672701	3295	0.000000
281474976710655.000000	33.709919	3296	0.000000
281474976710655.000000	36.876987	3297	0.000000
281474976710655.000000	30.120413	3298	0.000000
281474976710655.000000	28.040380	3299	0.000000
281474976710655.000000	31.764719	3300	0.000000
281474976710655.000000	36.673389	3301	0.000000
281474976710655.000000	28.473419	3302	0.000000
281474976710655.000000	34.325432	3303	0.000000
281474976710655.000000	33.758987	3304	0.000000
281474976710655.000000	33.622486	3305	0.000000
281474976710655.000000	31.964125	3306	0.000000
281474976710655.000000	35.326050	3307	0.000000
281474976710655.000000	26.246140	3308	0.000000
281474976710655.000000	29.309208	3309	0.000000
281474976710655.000000	33.800510	3310	0.000000
281474976710655.000000	38.002636	3311	0.000000
281474976710655.000000	34.125462	3312	0.000000
281474976710655.000000	32.974556	3313	0.000000
281474976710655.000000	36.448940	3314	0.000000
281474976710655.000000	27.934505	3315	0.000000
281474976710655.000000	27.801020	3316	0.000000
281474976710655.000000	25.680025	3317	0.000000
281474976710655.000000	25.674292	3318	0.000000
281474976710655.000000	31.904327	3319	0.000000
281474976710655.000000	31.004286	3320	0.000000
281474976710655.000000	33.051949	3321	0.000000
281474976710655.000000	30.263098	3322	0.000000
281474976710655.000000	27.538822	3323	0.000000
281474976710655.000000	32.593109	3324	0.000000
281474976710655.000000	32.312233	3325	0.000000
281474976710655.000000	37.471836	3326	0.000000
281474976710655.000000	37.145363	3327	0.000000
281474976710655.000000	34.429691	3328	0.000000
281474976710655.000000	27.405975	3329	0.000000
281474976710655.000000	28.876261	3330	0.000000
281474976710655.000000	28.398067	3331	0.000000
281474976710655.000000	33.159214	3332	0.000000
281474976710655.000000	32.915817	3333	0.000000
281474976710655.000000	30.757515	3334	0.000000
281474976710655.000000	32.976318	3335	0.000000
281474976710655.000000	27.327253	3336	0.000000
281474976710655.000000	25.738564	3337	0.000000
281474976710655.000000	25.953356	3338	0.000000
281474976710655.000000	30.925611	3339	0.000000
281474976710655.000000	36.766911	3340	0.000000
281474976710655.000000	25.931643	3341	0.000000
281474976710655.000000	28.741852	3342	0.000000
281474976710655.000000	26.825132	3343	0.000000
281474976710655.000000	29.602701	3344	0.000000
281474976710655.000000	33.768925	3345	0.000000
281474976710655.000000	30.857370	3346	0.000000
281474976710655.000000	27.085238	3347	0.000000
281474976710655.000000	35.080593	3348	0.000000
281474976710655.000000	26.753517	3349	0.000000
281474976710655.000000	28.275885	3350	0.000000
281474976710655.000000	30.021608	3351	0.000000
281474976710655.000000	29.514078	3352	0.000000
281474976710655.000000	26.618410	3353	0.000000
281474976710655.000000	26.963818	3354	0.000000
281474976710655.000000	31.176725	3355	0.000000
281474976710655.000000	26.031454	3356	0.000000
281474976710655.000000	32.115021	3357	0.000000
281474976710655.000000	26.935381	3358	0.000000
281474976710655.000000	30.191603	3359	0.000000
281474976710655.000000	32.265556	3360	0.000000
281474976710655.000000	26.378216	3361	0.000000
281474976710655.000000	25.053049	3362	0.000000
281474976710655.000000	28.982674	3363	0.000000
281474976710655.000000	27.578358	3364	0.000000
281474976710655.000000	31.152845	3365	0.000000
281474976710655.000000	29.740751	3366	0.000000
281474976710655.000000	31.640322	3367	0.000000
281474976710655.000000	28.969307	3368	0.000000
281474976710655.000000	26.196167	3369	0.000000
281474976710655.000000	31.900209	3370	0.000000
281474976710655.000000	32.584293	3371	0.000000
281474976710655.000000	35.553070	3372	0.000000
281474976710655.000000	30.605520	3373	0.000000
281474976710655.000000	25.803032	3374	0.000000
281474976710655.000000	28.138836	3375	0.000000
281474976710655.000000	28.792986	3376	0.000000
281474976710655.000000	28.353584	3377	0.000000
281474976710655.000000	26.933231	3378	0.000000
281474976710655.000000	31.200588	3379	0.000000
281474976710655.000000	28.548000	3380	0.000000
281474976710655.000000	25.625631	3381	0.000000
281474976710655.000000	25.509773	3382	0.000000
281474976710655.000000	28.655556	3383	0.000000
281474976710655.000000	33.481335	3384	0.000000
281474976710655.000000	24.722578	3385	0.000000
281474976710655.000000	27.672947	3386	0.000000
281474976710655.000000	28.036705	3387	0.000000
281474976710655.000000	33.922112	3388	0.000000
281474976710655.000000	27.825792	3389	0.000000
281474976710655.000000	25.472036	3390	0.000000
281474976710655.000000	27.956263	3391	0.000000
281474976710655.000000	29.346205	3392	0.000000
281474976710655.000000	30.791216	3393	0.000000
281474976710655.000000	28.804205	3394	0.000000
281474976710655.000000	23.840729	3395	0.000000
281474976710655.000000	28.244999	3396	0.000000
281474976710655.000000	26.145947	3397	0.000000
281474976710655.000000	28.130623	3398	0.000000
281474976710655.000000	31.649164	3399	0.000000
281474976710655.000000	31.970242	3400	0.000000
281474976710655.000000	28.360518	3401	0.000000
281474976710655.000000	26.741747	3402	0.000000
281474976710655.000000	25.083397	3403	0.000000
281474976710655.000000	29.644691	3404	0.000000
281474976710655.000000	28.944901	3405	0.000000
281474976710655.000000	27.766394	3406	0.000000
281474976710655.000000	24.624142	3407	0.000000
281474976710655.000000	29.707949	3408	0.000000
281474976710655.000000	29.648905	3409	0.000000
281474976710655.000000	30.502277	3410	0.000000
281474976710655.000000	24.941662	3411	0.000000
281474976710655.000000	28.724596	3412	0.000000
281474976710655.000000	24.891405	3413	0.000000
281474976710655.000000	24.914808	3414	0.000000
281474976710655.000000	25.382214	3415	0.000000
281474976710655.000000	24.206238	3416	0.000000
281474976710655.000000	27.881521	3417	0.000000
281474976710655.000000	26.542837	3418	0.000000
281474976710655.000000	26.867060	3419	0.000000
281474976710655.000000	28.531651	3420	0.000000
281474976710655.000000	27.462797	3421	0.000000
281474976710655.000000	27.055405	3422	0.000000
281474976710655.000000	26.688232	3423	0.000000
281474976710655.000000	31.105453	3424	0.000000
281474976710655.000000	26.817402	3425	0.000000
281474976710655.000000	25.659639	3426	0.000000
281474976710655.000000	26.743050	3427	0.000000
281474976710655.000000	27.587305	3428	0.000000
281474976710655.000000	26.716074	3429	0.000000
281474976710655.000000	24.399040	3430	0.000000
281474976710655.000000	27.815046	3431	0.000000
281474976710655.000000	28.120470	3432	0.000000
281474976710655.000000	24.154135	3433	0.000000
281474976710655.000000	24.822758	3434	0.000000
281474976710655.000000	27.209862	3435	0.000000
281474976710655.000000	30.612541	3436	0.000000
281474976710655.000000	26.348083	3437	0.000000
281474976710655.000000	26.721687	3438	0.000000
281474976710655.000000	23.895555	3439	0.000000
281474976710655.000000	27.777836	3440	0.000000
281474976710655.000000	27.449596	3441	0.000000
281474976710655.000000	26.613413	3442	0.000000
281474976710655.000000	23.975012	3443	0.000000
281474976710655.000000	28.329620	3444	0.000000
281474976710655.000000	25.897732	3445	0.000000
281474976710655.000000	26.387922	3446	0.000000
281474976710655.000000	27.406462	3447	0.000000
281474976710655.000000	24.581116	3448	0.000000
281474976710655.000000	28.630642	3449	0.000000
281474976710655.000000	28.308002	3450	0.000000
281474976710655.000000	23.046045	3451	0.000000
281474976710655.000000	30.159555	3452	0.000000
281474976710655.000000	22.776354	3453	0.000000
281474976710655.000000	23.177902	3454	0.000000
281474976710655.000000	28.627180	3455	0.000000
281474976710655.000000	27.351925	3456	0.000000
281474976710655.000000	22.707800	3457	0.000000
281474976710655.000000	23.795803	3458	0.000000
281474976710655.000000	24.838175	3459	0.000000
281474976710655.000000	24.409887	3460	0.000000
281474976710655.000000	25.190035	3461	0.000000
281474976710655.000000	25.910044	3462	0.000000
281474976710655.000000	23.196472	3463	0.000000
281474976710655.000000	24.272520	3464	0.000000
281474976710655.000000	26.244095	3465	0.000000
281474976710655.000000	26.390131	3466	0.000000
281474976710655.000000	25.043760	3467	0.000000
281474976710655.000000	25.705379	3468	0.000000
281474976710655.000000	25.794252	3469	0.000000
281474976710655.000000	24.705252	3470	0.000000
281474976710655.000000	27.346884	3471	0.000000
281474976710655.000000	23.378036	3472	0.000000
281474976710655.000000	23.064795	3473	0.000000
281474976710655.000000	26.919220	3474	0.000000
281474976710655.000000	26.523687	3475	0.000000
281474976710655.000000	25.943047	3476	0.000000
281474976710655.000000	25.856697	3477	0.000000
281474976710655.000000	27.591303	3478	0.000000
281474976710655.000000	22.036222	3479	0.000000
281474976710655.000000	24.959124	3480	0.000000
281474976710655.000000	27.503981	3481	0.000000
281474976710655.000000	23.781445	3482	0.000000
281474976710655.000000	28.088551	3483	0.000000
281474976710655.000000	25.232294	3484	0.000000
281474976710655.000000	23.336519	3485	0.000000
281474976710655.000000	25.049379	3486	0.000000
281474976710655.000000	27.197781	3487	0.000000
281474976710655.000000	27.220259	3488	0.000000
281474976710655.000000	24.671675	3489	0.000000
281474976710655.000000	22.719982	3490	0.000000
281474976710655.000000	24.310295	3491	0.000000
281474976710655.000000	26.092125	3492	0.000000
281474976710655.000000	21.750963	3493	0.000000
281474976710655.000000	24.370094	3494	0.000000
281474976710655.000000	26.493719	3495	0.000000
281474976710655.000000	28.633570	3496	0.000000
281474976710655.000000	21.624125	3497	0.000000
281474976710655.000000	25.231293	3498	0.000000
281474976710655.000000	24.448336	3499	0.000000
281474976710655.000000	21.269791	3500	0.000000
281474976710655.000000	24.820333	3501	0.000000
281474976710655.000000	26.708441	3502	0.000000
281474976710655.000000	22.467510	3503	0.000000
281474976710655.000000	25.677452	3504	0.000000
281474976710655.000000	24.332327	3505	0.000000
281474976710655.000000	23.301020	3506	0.000000
281474976710655.000000	24.230694	3507	0.000000
281474976710655.000000	23.250067	3508	0.000000
281474976710655.000000	24.773952	3509	0.000000
281474976710655.000000	21.448355	3510	0.000000
281474976710655.000000	23.698240	3511	0.000000
281474976710655.000000	25.294989	3512	0.000000
281474976710655.000000	24.396078	3513	0.000000
281474976710655.000000	28.016775	3514	0.000000
281474976710655.000000	24.859148	3515	0.000000
281474976710655.000000	27.272846	3516	0.000000
281474976710655.000000	21.115566	3517	0.000000
281474976710655.000000	24.619591	3518	0.000000
281474976710655.000000	24.749752	3519	0.000000
281474976710655.000000	23.734451	3520	0.000000
281474976710655.000000	25.061527	3521	0.000000
281474976710655.000000	24.721779	3522	0.000000
281474976710655.000000	21.523048	3523	0.000000
281474976710655.000000	25.005377	3524	0.000000
281474976710655.000000	24.420801	3525	0.000000
281474976710655.000000	24.420841	3526	0.000000
281474976710655.000000	22.278799	3527	0.000000
281474976710655.000000	22.613379	3528	0.000000
281474976710655.000000	23.098570	3529	0.000000
281474976710655.000000	23.434454	3530	0.000000
281474976710655.000000	25.004852	3531	0.000000
281474976710655.000000	23.934633	3532	0.000000
281474976710655.000000	23.152771	3533	0.000000
281474976710655.000000	21.641708	3534	0.000000
281474976710655.000000	21.894697	3535	0.000000
281474976710655.000000	24.623877	3536	0.000000
281474976710655.000000	23.078968	3537	0.000000
281474976710655.000000	22.404247	3538	0.000000
281474976710655.000000	22.817369	3539	0.000000
281474976710655.000000	25.740023	3540	0.000000
281474976710655.000000	23.513947	3541	0.000000
281474976710655.000000	22.157621	3542	0.000000
281474976710655.000000	23.872299	3543	0.000000
281474976710655.000000	24.218273	3544	0.000000
281474976710655.000000	21.930645	3545	0.000000
281474976710655.000000	22.551310	3546	0.000000
281474976710655.000000	23.590269	3547	0.000000
281474976710655.000000	26.226633	3548	0.000000
281474976710655.000000	23.114017	3549	0.000000
281474976710655.000000	23.535074	3550	0.000000
281474976710655.000000	23.026867	3551	0.000000
281474976710655.000000	23.518291	3552	0.000000
281474976710655.000000	23.517008	3553	0.000000
281474976710655.000000	23.387081	3554	0.000000
281474976710655.000000	20.465900	3555	0.000000
281474976710655.000000	23.326370	3556	0.000000
281474976710655.000000	24.858826	3557	0.000000
281474976710655.000000	23.606018	3558	0.000000
281474976710655.000000	24.008907	3559	0.000000
281474976710655.000000	23.187841	3560	0.000000
281474976710655.000000	21.287287	3561	0.000000
281474976710655.000000	22.502155	3562	0.000000
281474976710655.000000	22.579645	3563	0.000000
281474976710655.000000	23.726488	3564	0.000000
281474976710655.000000	22.083979	3565	0.000000
281474976710655.000000	22.455866	3566	0.000000
281474976710655.000000	22.746521	3567	0.000000
281474976710655.000000	22.833160	3568	0.000000
281474976710655.000000	23.881048	3569	0.000000
281474976710655.000000	21.530064	3570	0.000000
281474976710655.000000	21.814661	3571	0.000000
281474976710655.000000	22.652008	3572	0.000000
281474976710655.000000	22.089060	3573	0.000000
281474976710655.000000	22.798529	3574	0.000000
281474976710655.000000	22.502972	3575	0.000000
281474976710655.000000	21.435143	3576	0.000000
281474976710655.000000	23.746838	3577	0.000000
281474976710655.000000	21.460039	3578	0.000000
281474976710655.000000	23.045080	3579	0.000000
281474976710655.000000	22.459146	3580	0.000000
281474976710655.000000	20.263384	3581	0.000000
281474976710655.000000	22.399294	3582	0.000000
281474976710655.000000	22.624123	3583	0.000000
281474976710655.000000	22.603754	3584	0.000000
281474976710655.000000	21.189146	3585	0.000000
281474976710655.000000	23.942860	3586	0.000000
281474976710655.000000	20.789778	3587	0.000000
281474976710655.000000	20.280321	3588	0.000000
281474976710655.000000	21.741062	3589	0.000000
281474976710655.000000	23.858658	3590	0.000000
281474976710655.000000	19.636627	3591	0.000000
281474976710655.000000	22.289185	3592	0.000000
281474976710655.000000	22.099039	3593	0.000000
281474976710655.000000	21.154575	3594	0.000000
281474976710655.000000	21.602167	3595	0.000000
281474976710655.000000	22.520735	3596	0.000000
281474976710655.000000	21.190975	3597	0.000000
281474976710655.000000	21.020937	3598	0.000000
281474976710655.000000	21.920042	3599	0.000000
281474976710655.000000	21.869476	3600	0.000000
281474976710655.000000	21.044182	3601	0.000000
281474976710655.000000	21.836384	3602	0.000000
281474976710655.000000	22.567116	3603	0.000000
281474976710655.000000	21.651833	3604	0.000000
281474976710655.000000	20.582708	3605	0.000000
281474976710655.000000	21.991169	3606	0.000000
281474976710655.000000	22.320641	3607	0.000000
281474976710655.000000	21.948933	3608	0.000000
281474976710655.000000	20.690289	3609	0.000000
281474976710655.000000	19.611210	3610	0.000000
281474976710655.000000	21.410973	3611	0.000000
281474976710655.000000	21.306059	3612	0.000000
281474976710655.000000	20.580706	3613	0.000000
281474976710655.000000	21.986931	3614	0.000000
281474976710655.000000	21.310059	3615	0.000000
281474976710655.000000	21.075605	3616	0.000000
281474976710655.000000	21.402212	3617	0.000000
281474976710655.000000	21.348248	3618	0.000000
281474976710655.000000	20.237837	3619	0.000000
281474976710655.000000	20.644279	3620	0.000000
281474976710655.000000	20.268200	3621	0.000000
281474976710655.000000	21.759115	3622	0.000000
281474976710655.000000	21.966841	3623	0.000000
281474976710655.000000	22.228386	3624	0.000000
281474976710655.000000	20.350033	3625	0.000000
281474976710655.000000	20.240454	3626	0.000000
281474976710655.000000	20.885653	3627	0.000000
281474976710655.000000	21.270206	3628	0.000000
281474976710655.000000	20.443653	3629	0.000000
281474976710655.000000	20.305681	3630	0.000000
281474976710655.000000	21.016323	3631	0.000000
281474976710655.000000	21.358864	3632	0.000000
281474976710655.000000	20.599384	3633	0.000000
281474976710655.000000	21.461653	3634	0.000000
281474976710655.000000	19.398066	3635	0.000000
281474976710655.000000	21.145975	3636	0.000000
281474976710655.000000	19.679510	3637	0.000000
281474976710655.000000	20.226320	3638	0.000000
281474976710655.000000	21.013264	3639	0.000000
281474976710655.000000	21.395346	3640	0.000000
281474976710655.000000	19.662022	3641	0.000000
281474976710655.000000	22.195831	3642	0.000000
281474976710655.000000	19.899973	3643	0.000000
281474976710655.000000	20.266058	3644	0.000000
281474976710655.000000	20.354595	3645	0.000000
281474976710655.000000	20.817623	3646	0.000000
281474976710655.000000	21.569988	3647	0.000000
281474976710655.000000	19.292500	3648	0.000000
281474976710655.000000	20.488407	3649	0.000000
281474976710655.000000	19.914188	3650	0.000000
281474976710655.000000	19.720480	3651	0.000000
281474976710655.000000	20.223827	3652	0.000000
281474976710655.000000	20.561600	3653	0.000000
281474976710655.000000	21.115887	3654	0.000000
281474976710655.000000	19.597712	3655	0.000000
281474976710655.000000	20.728479	3656	0.000000
281474976710655.000000	19.308254	3657	0.000000
281474976710655.000000	18.856083	3658	0.000000
281474976710655.000000	19.952557	3659	0.000000
281474976710655.000000	22.022905	3660	0.000000
281474976710655.000000	19.977739	3661	0.000000
281474976710655.000000	20.455917	3662	0.000000
281474976710655.000000	19.981833	3663	0.000000
281474976710655.000000	20.245722	3664	0.000000
281474976710655.000000	18.919777	3665	0.000000
281474976710655.000000	19.977190	3666	0.000000
281474976710655.000000	19.876768	3667	0.000000
281474976710655.000000	20.311443	3668	0.000000
281474976710655.000000	19.635172	3669	0.000000
281474976710655.000000	20.387714	3670	0.000000
281474976710655.000000	19.057268	3671	0.000000
281474976710655.000000	21.551189	3672	0.000000
281474976710655.000000	18.461138	3673	0.000000
281474976710655.000000	19.231859	3674	0.000000
281474976710655.000000	19.964746	3675	0.000000
281474976710655.000000	20.396431	3676	0.000000
281474976710655.000000	19.886421	3677	0.000000
281474976710655.000000	19.880239	3678	0.000000
281474976710655.000000	19.528175	3679	0.000000
281474976710655.000000	20.111712	3680	0.000000
281474976710655.000000	19.520464	3681	0.000000
281474976710655.000000	20.582808	3682	0.000000
281474976710655.000000	18.984774	3683	0.000000
281474976710655.000000	19.339979	3684	0.000000
281474976710655.000000	19.384005	3685	0.000000
281474976710655.000000	19.055525	3686	0.000000
281474976710655.000000	19.440006	3687	0.000000
281474976710655.000000	19.138840	3688	0.000000
281474976710655.000000	19.575722	3689	0.000000
281474976710655.000000	18.939674	3690	0.000000
281474976710655.000000	18.342617	3691	0.000000
281474976710655.000000	19.309608	3692	0.000000
281474976710655.000000	18.825123	3693	0.000000
281474976710655.000000	18.998314	3694	0.000000
281474976710655.000000	18.095776	3695	0.000000
281474976710655.000000	18.905920	3696	0.000000
281474976710655.000000	18.407391	3697	0.000000
281474976710655.000000	19.841074	3698	0.000000
281474976710655.000000	18.913824	3699	0.000000
281474976710655.000000	18.795900	3700	0.000000
281474976710655.000000	18.320551	3701	0.000000
281474976710655.000000	18.996485	3702	0.000000
281474976710655.000000	19.359438	3703	0.000000
281474976710655.000000	19.459282	3704	0.000000
281474976710655.000000	18.916269	3705	0.000000
281474976710655.000000	19.261858	3706	0.000000
281474976710655.000000	18.950991	3707	0.000000
281474976710655.000000	19.089817	3708	0.000000
281474976710655.000000	18.911295	3709	0.000000
281474976710655.000000	18.643681	3710	0.000000
281474976710655.000000	18.731848	3711	0.000000
281474976710655.000000	18.925219	3712	0.000000
281474976710655.000000	18.078926	3713	0.000000
281474976710655.000000	18.602825	3714	0.000000
281474976710655.000000	18.447006	3715	0.000000
281474976710655.000000	18.980217	3716	0.000000
281474976710655.000000	19.481718	3717	0.000000
281474976710655.000000	18.655605	3718	0.000000
281474976710655.000000	18.652082	3719	0.000000
281474976710655.000000	19.734907	3720	0.000000
281474976710655.000000	18.238371	3721	0.000000
281474976710655.000000	17.950455	3722	0.000000
281474976710655.000000	17.749689	3723	0.000000
281474976710655.000000	18.348324	3724	0.000000
281474976710655.000000	18.630133	3725	0.000000
281474976710655.000000	18.643112	3726	0.000000
281474976710655.000000	18.668369	3727	0.000000
281474976710655.000000	18.209787	3728	0.000000
281474976710655.000000	18.086626	3729	0.000000
281474976710655.000000	18.931904	3730	0.000000
281474976710655.000000	17.443766	3731	0.000000
281474976710655.000000	18.067926	3732	0.000000
281474976710655.000000	18.442141	3733	0.000000
281474976710655.000000	18.166676	3734	0.000000
281474976710655.000000	17.696701	3735	0.000000
281474976710655.000000	18.080418	3736	0.000000
281474976710655.000000	18.316942	3737	0.000000
281474976710655.000000	19.575686	3738	0.000000
281474976710655.000000	17.488266	3739	0.000000
281474976710655.000000	18.222086	3740	0.000000
281474976710655.000000	17.390257	3741	0.000000
281474976710655.000000	17.663584	3742	0.000000
281474976710655.000000	17.774004	3743	0.000000
281474976710655.000000	17.927933	3744	0.000000
281474976710655.000000	17.554890	3745	0.000000
281474976710655.000000	17.617344	3746	0.000000
281474976710655.000000	17.694048	3747	0.000000
281474976710655.000000	17.814903	3748	0.000000
281474976710655.000000	16.995831	3749	0.000000
281474976710655.000000	17.619856	3750	0.000000
281474976710655.000000	17.019819	3751	0.000000
281474976710655.000000	18.052240	3752	0.000000
281474976710655.000000	17.793217	3753	0.000000
281474976710655.000000	17.974461	3754	0.000000
281474976710655.000000	17.263342	3755	0.000000
281474976710655.000000	17.903505	3756	0.000000
281474976710655.000000	17.494383	3757	0.000000
281474976710655.000000	17.576288	3758	0.000000
281474976710655.000000	17.173098	3759	0.000000
281474976710655.000000	17.682171	3760	0.000000
281474976710655.000000	17.126192	3761	0.000000
281474976710655.000000	17.624910	3762	0.000000
281474976710655.000000	16.800390	3763	0.000000
281474976710655.000000	17.560677	3764	0.000000
281474976710655.000000	16.952944	3765	0.000000
281474976710655.000000	17.665451	3766	0.000000
281474976710655.000000	17.066011	3767	0.000000
281474976710655.000000	17.478012	3768	0.000000
281474976710655.000000	17.063854	3769	0.000000
281474976710655.000000	17.156662	3770	0.000000
281474976710655.000000	17.466629	3771	0.000000
281474976710655.000000	17.609905	3772	0.000000
281474976710655.000000	17.249260	3773	0.000000
281474976710655.000000	17.429003	3774	0.000000
281474976710655.000000	16.796181	3775	0.000000
281474976710655.000000	17.018698	3776	0.000000
281474976710655.000000	17.079254	3777	0.000000
281474976710655.000000	17.121481	3778	0.000000
281474976710655.000000	17.087915	3779	0.000000
281474976710655.000000	17.053581	3780	0.000000
281474976710655.000000	16.848976	3781	0.000000
281474976710655.000000	16.954174	3782	0.000000
281474976710655.000000	16.604830	3783	0.000000
281474976710655.000000	17.200825	3784	0.000000
281474976710655.000000	16.803646	3785	0.000000
281474976710655.000000	17.426790	3786	0.000000
281474976710655.000000	16.684568	3787	0.000000
281474976710655.000000	17.599796	3788	0.000000
281474976710655.000000	16.544491	3789	0.000000
281474976710655.000000	16.881718	3790	0.000000
281474976710655.000000	16.593834	3791	0.000000
281474976710655.000000	17.048033	3792	0.000000
281474976710655.000000	16.454918	3793	0.000000
281474976710655.000000	17.094933	3794	0.000000
281474976710655.000000	16.104107	3795	0.000000
281474976710655.000000	16.709192	3796	0.000000
281474976710655.000000	16.479509	3797	0.000000
281474976710655.000000	16.623507	3798	0.000000
281474976710655.000000	16.102833	3799	0.000000
281474976710655.000000	16.412388	3800	0.000000
281474976710655.000000	16.620972	3801	0.000000
281474976710655.000000	16.504444	3802	0.000000
281474976710655.000000	16.044456	3803	0.000000
281474976710655.000000	16.332529	3804	0.000000
281474976710655.000000	16.466591	3805	0.000000
281474976710655.000000	16.745600	3806	0.000000
281474976710655.000000	16.124783	3807	0.000000
281474976710655.000000	16.801571	3808	0.000000
281474976710655.000000	16.118885	3809	0.000000
281474976710655.000000	16.282593	3810	0.000000
281474976710655.000000	16.360834	3811	0.000000
281474976710655.000000	16.396265	3812	0.000000
281474976710655.000000	15.873172	3813	0.000000
281474976710655.000000	16.679295	3814	0.000000
281474976710655.000000	16.367334	3815	0.000000
281474976710655.000000	16.836916	3816	0.000000
281474976710655.000000	15.594969	3817	0.000000
281474976710655.000000	16.033081	3818	0.000000
281474976710655.000000	16.087364	3819	0.000000
281474976710655.000000	16.610147	3820	0.000000
281474976710655.000000	15.903192	3821	0.000000
281474976710655.000000	16.130768	3822	0.000000
281474976710655.000000	16.200855	3823	0.000000
281474976710655.000000	15.778214	3824	0.000000
281474976710655.000000	15.878846	3825	0.000000
281474976710655.000000	15.878034	3826	0.000000
281474976710655.000000	15.857373	3827	0.000000
281474976710655.000000	16.269142	3828	0.000000
281474976710655.000000	15.421803	3829	0.000000
281474976710655.000000	15.712663	3830	0.000000
281474976710655.000000	15.159833	3831	0.000000
281474976710655.000000	16.192358	3832	0.000000
281474976710655.000000	15.869864	3833	0.000000
281474976710655.000000	16.094351	3834	0.000000
281474976710655.000000	15.687057	3835	0.000000
281474976710655.000000	15.689917	3836	0.000000
281474976710655.000000	16.006355	3837	0.000000
281474976710655.000000	15.568429	3838	0.000000
281474976710655.000000	15.447662	3839	0.000000
281474976710655.000000	15.501397	3840	0.000000
281474976710655.000000	15.671665	3841	0.000000
281474976710655.000000	15.665925	3842	0.000000
281474976710655.000000	15.291933	3843	0.000000
281474976710655.000000	15.990666	3844	0.000000
281474976710655.000000	15.303502	3845	0.000000
281474976710655.000000	15.635845	3846	0.000000
281474976710655.000000	14.945371	3847	0.000000
281474976710655.000000	15.418072	3848	0.000000
281474976710655.000000	15.184391	3849	0.000000
281474976710655.000000	16.030315	3850	0.000000
281474976710655.000000	15.276326	3851	0.000000
281474976710655.000000	15.446403	3852	0.000000
281474976710655.000000	15.196568	3853	0.000000
281474976710655.000000	15.174709	3854	0.000000
281474976710655.000000	15.470963	3855	0.000000
281474976710655.000000	15.574037	3856	0.000000
281474976710655.000000	14.825516	3857	0.000000
281474976710655.000000	15.907434	3858	0.000000
281474976710655.000000	14.969716	3859	0.000000
281474976710655.000000	15.437975	3860	0.000000
281474976710655.000000	15.156207	3861	0.000000
281474976710655.000000	15.311663	3862	0.000000
281474976710655.000000	14.726886	3863	0.000000
281474976710655.000000	15.132023	3864	0.000000
281474976710655.000000	14.829583	3865	0.000000
281474976710655.000000	15.608746	3866	0.000000
281474976710655.000000	14.462968	3867	0.000000
281474976710655.000000	14.973219	3868	0.000000
281474976710655.000000	15.029035	3869	0.000000
281474976710655.000000	15.691058	3870	0.000000
281474976710655.000000	14.734107	3871	0.000000
281474976710655.000000	15.139435	3872	0.000000
281474976710655.000000	14.719035	3873	0.000000
281474976710655.000000	15.030355	3874	0.000000
281474976710655.000000	14.658567	3875	0.000000
281474976710655.000000	14.961329	3876	0.000000
281474976710655.000000	14.386329	3877	0.000000
281474976710655.000000	14.627696	3878	0.000000
281474976710655.000000	14.623460	3879	0.000000
281474976710655.000000	15.133520	3880	0.000000
281474976710655.000000	14.154718	3881	0.000000
281474976710655.000000	14.381056	3882	0.000000
281474976710655.000000	14.222278	3883	0.000000
281474976710655.000000	14.602168	3884	0.000000
281474976710655.000000	13.770353	3885	0.000000
281474976710655.000000	14.614451	3886	0.000000
281474976710655.000000	14.754300	3887	0.000000
281474976710655.000000	14.927958	3888	0.000000
281474976710655.000000	14.518838	3889	0.000000
281474976710655.000000	14.821103	3890	0.000000
281474976710655.000000	13.935151	3891	0.000000
281474976710655.000000	14.445613	3892	0.000000
281474976710655.000000	14.281330	3893	0.000000
281474976710655.000000	14.786058	3894	0.000000
281474976710655.000000	14.505055	3895	0.000000
281474976710655.000000	14.699050	3896	0.000000
281474976710655.000000	13.894570	3897	0.000000
281474976710655.000000	14.223725	3898	0.000000
281474976710655.000000	14.055003	3899	0.000000
281474976710655.000000	14.385463	3900	0.000000
281474976710655.000000	14.190311	3901	0.000000
281474976710655.000000	14.560977	3902	0.000000
281474976710655.000000	14.108456	3903	0.000000
281474976710655.000000	14.485662	3904	0.000000
281474976710655.000000	13.630101	3905	0.000000
281474976710655.000000	14.540034	3906	0.000000
281474976710655.000000	14.242940	3907	0.000000
281474976710655.000000	14.541290	3908	0.000000
281474976710655.000000	13.736073	3909	0.000000
281474976710655.000000	14.140912	3910	0.000000
281474976710655.000000	13.884913	3911	0.000000
281474976710655.000000	14.129577	3912	0.000000
281474976710655.000000	13.896542	3913	0.000000
281474976710655.000000	13.775521	3914	0.000000
281474976710655.000000	13.407291	3915	0.000000
281474976710655.000000	13.824651	3916	0.000000
281474976710655.000000	13.856560	3917	0.000000
281474976710655.000000	14.533789	3918	0.000000
281474976710655.000000	13.421940	3919	0.000000
281474976710655.000000	13.849828	3920	0.000000
281474976710655.000000	13.418637	3921	0.000000
281474976710655.000000	14.026550	3922	0.000000
281474976710655.000000	13.863499	3923	0.000000
281474976710655.000000	13.845672	3924	0.000000
281474976710655.000000	13.240936	3925	0.000000
281474976710655.000000	13.630962	3926	0.000000
281474976710655.000000	13.831964	3927	0.000000
281474976710655.000000	14.046092	3928	0.000000
281474976710655.000000	13.828889	3929	0.000000
281474976710655.000000	14.313249	3930	0.000000
281474976710655.000000	13.262169	3931	0.000000
281474976710655.000000	13.403312	3932	0.000000
281474976710655.000000	13.222542	3933	0.000000
281474976710655.000000	13.358158	3934	0.000000
281474976710655.000000	13.737877	3935	0.000000
281474976710655.000000	13.728952	3936	0.000000
281474976710655.000000	13.163245	3937	0.000000
281474976710655.000000	13.644381	3938	0.000000
281474976710655.000000	13.435362	3939	0.000000
281474976710655.000000	14.168457	3940	0.000000
281474976710655.000000	13.094428	3941	0.000000
281474976710655.000000	13.873913	3942	0.000000
281474976710655.000000	12.788921	3943	0.000000
281474976710655.000000	13.861591	3944	0.000000
281474976710655.000000	13.079976	3945	0.000000
281474976710655.000000	13.346634	3946	0.000000
281474976710655.000000	13.181088	3947	0.000000
281474976710655.000000	13.270541	3948	0.000000
281474976710655.000000	13.418293	3949	0.000000
281474976710655.000000	13.507851	3950	0.000000
281474976710655.000000	12.681905	3951	0.000000
281474976710655.000000	13.454158	3952	0.000000
281474976710655.000000	12.763195	3953	0.000000
281474976710655.000000	12.979704	3954	0.000000
281474976710655.000000	13.022422	3955	0.000000
281474976710655.000000	13.362728	3956	0.000000
281474976710655.000000	12.684958	3957	0.000000
281474976710655.000000	13.426782	3958	0.000000
281474976710655.000000	13.060720	3959	0.000000
281474976710655.000000	13.223871	3960	0.000000
281474976710655.000000	12.447083	3961	0.000000
281474976710655.000000	13.181475	3962	0.000000
281474976710655.000000	12.572955	3963	0.000000
281474976710655.000000	13.009501	3964	0.000000
281474976710655.000000	13.035086	3965	0.000000
281474976710655.000000	13.021670	3966	0.000000
281474976710655.000000	12.411005	3967	0.000000
281474976710655.000000	12.894402	3968	0.000000
281474976710655.000000	12.284162	3969	0.000000
281474976710655.000000	12.972791	3970	0.000000
281474976710655.000000	12.222638	3971	0.000000
281474976710655.000000	12.755661	3972	0.000000
281474976710655.000000	12.497044	3973	0.000000
281474976710655.000000	13.231488	3974	0.000000
281474976710655.000000	12.420261	3975	0.000000
281474976710655.000000	12.886384	3976	0.000000
281474976710655.000000	12.847676	3977	0.000000
281474976710655.000000	12.968340	3978	0.000000
281474976710655.000000	12.448694	3979	0.000000
281474976710655.000000	12.859419	3980	0.000000
281474976710655.000000	12.265260	3981	0.000000
281474976710655.000000	12.562894	3982	0.000000
281474976710655.000000	12.372515	3983	0.000000
281474976710655.000000	12.714778	3984	0.000000
281474976710655.000000	12.307426	3985	0.000000
281474976710655.000000	12.631466	3986	0.000000
281474976710655.000000	12.309563	3987	0.000000
281474976710655.000000	12.640989	3988	0.000000
281474976710655.000000	12.337148	3989	0.000000
281474976710655.000000	12.265274	3990	0.000000
281474976710655.000000	12.494453	3991	0.000000
281474976710655.000000	12.502799	3992	0.000000
281474976710655.000000	11.874462	3993	0.000000
281474976710655.000000	12.319633	3994	0.000000
281474976710655.000000	12.304687	3995	0.000000
281474976710655.000000	12.578935	3996	0.000000
281474976710655.000000	12.003904	3997	0.000000
281474976710655.000000	12.349648	3998	0.000000
281474976710655.000000	11.750051	3999	0.000000
281474976710655.000000	12.317638	4000	0.000000
281474976710655.000000	12.090979	4001	0.000000
