crossing time (s)	slope (V/s)	crossing number
281474976710655.000000	47.974411	5382	0.000000
281474976710655.000000	36.855663	5383	0.000000
281474976710655.000000	63.487999	5384	0.000000
281474976710655.000000	47.810341	5385	0.000000
281474976710655.000000	39.487724	5386	0.000000
281474976710655.000000	64.233101	5387	0.000000
281474976710655.000000	62.352257	5388	0.000000
281474976710655.000000	46.962669	5389	0.000000
281474976710655.000000	44.598927	5390	0.000000
281474976710655.000000	47.236343	5391	0.000000
281474976710655.000000	39.149055	5392	0.000000
281474976710655.000000	51.674488	5393	0.000000
281474976710655.000000	44.306637	5394	0.000000
281474976710655.000000	63.190948	5395	0.000000
281474976710655.000000	39.227619	5396	0.000000
281474976710655.000000	46.670818	5397	0.000000
281474976710655.000000	36.417297	5398	0.000000
281474976710655.000000	63.181583	5399	0.000000
281474976710655.000000	57.773357	5400	0.000000
281474976710655.000000	36.004250	5401	0.000000
281474976710655.000000	44.226131	5402	0.000000
281474976710655.000000	47.453613	5403	0.000000
281474976710655.000000	57.262882	5404	0.000000
281474976710655.000000	46.482552	5405	0.000000
281474976710655.000000	46.262733	5406	0.000000
281474976710655.000000	38.480709	5407	0.000000
281474976710655.000000	40.255516	5408	0.000000
281474976710655.000000	45.873222	5409	0.000000
281474976710655.000000	45.595150	5410	0.000000
281474976710655.000000	43.611649	5411	0.000000
281474976710655.000000	38.221294	5412	0.000000
281474976710655.000000	36.646488	5413	0.000000
281474976710655.000000	51.130108	5414	0.000000
281474976710655.000000	61.416264	5415	0.000000
281474976710655.000000	45.687073	5416	0.000000
281474976710655.000000	45.648663	5417	0.000000
281474976710655.000000	41.523884	5418	0.000000
281474976710655.000000	60.749615	5419	0.000000
281474976710655.000000	45.840755	5420	0.000000
281474976710655.000000	45.669731	5421	0.000000
281474976710655.000000	38.172699	5422	0.000000
281474976710655.000000	35.173725	5423	0.000000
281474976710655.000000	47.349148	5424	0.000000
281474976710655.000000	43.873596	5425	0.000000
281474976710655.000000	56.223103	5426	0.000000
281474976710655.000000	59.705238	5427	0.000000
281474976710655.000000	44.960476	5428	0.000000
281474976710655.000000	44.886364	5429	0.000000
281474976710655.000000	37.521961	5430	0.000000
281474976710655.000000	34.665806	5431	0.000000
281474976710655.000000	55.527802	5432	0.000000
281474976710655.000000	46.576427	5433	0.000000
281474976710655.000000	48.898109	5434	0.000000
281474976710655.000000	44.000031	5435	0.000000
281474976710655.000000	44.125568	5436	0.000000
281474976710655.000000	44.026783	5437	0.000000
281474976710655.000000	36.678589	5438	0.000000
281474976710655.000000	47.456661	5439	0.000000
281474976710655.000000	45.754734	5440	0.000000
281474976710655.000000	69.030693	5441	0.000000
281474976710655.000000	35.335945	5442	0.000000
281474976710655.000000	34.156403	5443	0.000000
281474976710655.000000	52.091568	5444	0.000000
281474976710655.000000	38.339420	5445	0.000000
281474976710655.000000	44.134769	5446	0.000000
281474976710655.000000	38.358761	5447	0.000000
281474976710655.000000	48.288193	5448	0.000000
281474976710655.000000	45.687096	5449	0.000000
281474976710655.000000	43.752270	5450	0.000000
281474976710655.000000	41.501003	5451	0.000000
281474976710655.000000	59.333302	5452	0.000000
281474976710655.000000	43.621212	5453	0.000000
281474976710655.000000	57.967751	5454	0.000000
281474976710655.000000	48.343300	5455	0.000000
281474976710655.000000	48.350277	5456	0.000000
281474976710655.000000	43.234535	5457	0.000000
281474976710655.000000	43.038475	5458	0.000000
281474976710655.000000	37.558182	5459	0.000000
281474976710655.000000	44.802696	5460	0.000000
281474976710655.000000	58.108162	5461	0.000000
281474976710655.000000	56.594639	5462	0.000000
281474976710655.000000	42.967094	5463	0.000000
281474976710655.000000	34.486740	5464	0.000000
281474976710655.000000	37.334763	5465	0.000000
281474976710655.000000	35.555557	5466	0.000000
281474976710655.000000	42.876694	5467	0.000000
281474976710655.000000	40.387260	5468	0.000000
281474976710655.000000	37.174706	5469	0.000000
281474976710655.000000	46.891647	5470	0.000000
281474976710655.000000	66.162979	5471	0.000000
281474976710655.000000	37.142673	5472	0.000000
281474976710655.000000	32.608562	5473	0.000000
281474976710655.000000	41.486694	5474	0.000000
281474976710655.000000	41.729736	5475	0.000000
281474976710655.000000	37.183514	5476	0.000000
281474976710655.000000	43.278919	5477	0.000000
281474976710655.000000	46.425526	5478	0.000000
281474976710655.000000	52.157372	5479	0.000000
281474976710655.000000	36.901890	5480	0.000000
281474976710655.000000	32.536888	5481	0.000000
281474976710655.000000	42.245262	5482	0.000000
281474976710655.000000	43.132042	5483	0.000000
281474976710655.000000	43.588715	5484	0.000000
281474976710655.000000	42.145065	5485	0.000000
281474976710655.000000	56.560600	5486	0.000000
281474976710655.000000	51.436481	5487	0.000000
281474976710655.000000	41.656296	5488	0.000000
281474976710655.000000	36.317795	5489	0.000000
281474976710655.000000	46.235645	5490	0.000000
281474976710655.000000	54.582043	5491	0.000000
281474976710655.000000	51.346825	5492	0.000000
281474976710655.000000	34.353882	5493	0.000000
281474976710655.000000	36.127506	5494	0.000000
281474976710655.000000	37.448196	5495	0.000000
281474976710655.000000	42.387863	5496	0.000000
281474976710655.000000	48.728920	5497	0.000000
281474976710655.000000	45.923752	5498	0.000000
281474976710655.000000	35.671066	5499	0.000000
281474976710655.000000	45.677944	5500	0.000000
281474976710655.000000	55.330399	5501	0.000000
281474976710655.000000	35.532063	5502	0.000000
281474976710655.000000	53.819496	5503	0.000000
281474976710655.000000	42.907692	5504	0.000000
281474976710655.000000	38.130711	5505	0.000000
281474976710655.000000	40.377205	5506	0.000000
281474976710655.000000	32.374054	5507	0.000000
281474976710655.000000	44.392765	5508	0.000000
281474976710655.000000	47.950882	5509	0.000000
281474976710655.000000	40.813065	5510	0.000000
281474976710655.000000	40.311291	5511	0.000000
281474976710655.000000	35.058567	5512	0.000000
281474976710655.000000	35.698616	5513	0.000000
281474976710655.000000	40.036228	5514	0.000000
281474976710655.000000	40.146606	5515	0.000000
281474976710655.000000	39.609417	5516	0.000000
281474976710655.000000	32.161388	5517	0.000000
281474976710655.000000	40.494698	5518	0.000000
281474976710655.000000	39.959225	5519	0.000000
281474976710655.000000	31.133602	5520	0.000000
281474976710655.000000	35.129581	5521	0.000000
281474976710655.000000	49.263893	5522	0.000000
281474976710655.000000	39.657799	5523	0.000000
281474976710655.000000	32.994270	5524	0.000000
281474976710655.000000	32.952831	5525	0.000000
281474976710655.000000	40.676640	5526	0.000000
281474976710655.000000	39.735828	5527	0.000000
281474976710655.000000	34.502331	5528	0.000000
281474976710655.000000	39.440830	5529	0.000000
281474976710655.000000	31.654888	5530	0.000000
281474976710655.000000	30.234535	5531	0.000000
281474976710655.000000	39.224289	5532	0.000000
281474976710655.000000	53.311928	5533	0.000000
281474976710655.000000	38.985397	5534	0.000000
281474976710655.000000	37.128628	5535	0.000000
281474976710655.000000	46.331421	5536	0.000000
281474976710655.000000	36.749912	5537	0.000000
281474976710655.000000	38.915745	5538	0.000000
281474976710655.000000	34.022999	5539	0.000000
281474976710655.000000	32.190441	5540	0.000000
281474976710655.000000	52.735153	5541	0.000000
281474976710655.000000	42.147495	5542	0.000000
281474976710655.000000	38.551216	5543	0.000000
281474976710655.000000	33.366604	5544	0.000000
281474976710655.000000	52.114456	5545	0.000000
281474976710655.000000	44.884968	5546	0.000000
281474976710655.000000	38.329002	5547	0.000000
281474976710655.000000	33.396015	5548	0.000000
281474976710655.000000	35.560223	5549	0.000000
281474976710655.000000	48.338360	5550	0.000000
281474976710655.000000	33.277634	5551	0.000000
281474976710655.000000	30.664381	5552	0.000000
281474976710655.000000	45.221291	5553	0.000000
281474976710655.000000	38.176411	5554	0.000000
281474976710655.000000	38.288933	5555	0.000000
281474976710655.000000	36.273109	5556	0.000000
281474976710655.000000	42.123962	5557	0.000000
281474976710655.000000	35.946720	5558	0.000000
281474976710655.000000	33.181492	5559	0.000000
281474976710655.000000	33.738914	5560	0.000000
281474976710655.000000	36.069145	5561	0.000000
281474976710655.000000	37.688213	5562	0.000000
281474976710655.000000	41.401741	5563	0.000000
281474976710655.000000	35.794044	5564	0.000000
281474976710655.000000	47.629078	5565	0.000000
281474976710655.000000	46.685600	5566	0.000000
281474976710655.000000	32.922768	5567	0.000000
281474976710655.000000	37.255165	5568	0.000000
281474976710655.000000	40.599674	5569	0.000000
281474976710655.000000	47.398983	5570	0.000000
281474976710655.000000	32.518089	5571	0.000000
281474976710655.000000	45.841213	5572	0.000000
281474976710655.000000	40.769028	5573	0.000000
281474976710655.000000	36.147148	5574	0.000000
281474976710655.000000	47.047821	5575	0.000000
281474976710655.000000	32.685169	5576	0.000000
281474976710655.000000	41.028233	5577	0.000000
281474976710655.000000	37.016811	5578	0.000000
281474976710655.000000	35.370586	5579	0.000000
281474976710655.000000	28.798708	5580	0.000000
281474976710655.000000	38.474060	5581	0.000000
281474976710655.000000	37.161041	5582	0.000000
281474976710655.000000	33.190823	5583	0.000000
281474976710655.000000	43.705353	5584	0.000000
281474976710655.000000	40.985489	5585	0.000000
281474976710655.000000	30.766584	5586	0.000000
281474976710655.000000	36.308662	5587	0.000000
281474976710655.000000	35.341377	5588	0.000000
281474976710655.000000	36.546864	5589	0.000000
281474976710655.000000	32.293556	5590	0.000000
281474976710655.000000	33.001541	5591	0.000000
281474976710655.000000	40.127369	5592	0.000000
281474976710655.000000	45.025253	5593	0.000000
281474976710655.000000	31.403833	5594	0.000000
281474976710655.000000	31.754103	5595	0.000000
281474976710655.000000	39.619587	5596	0.000000
281474976710655.000000	39.789223	5597	0.000000
281474976710655.000000	39.062553	5598	0.000000
281474976710655.000000	42.105515	5599	0.000000
281474976710655.000000	32.027706	5600	0.000000
281474976710655.000000	36.737530	5601	0.000000
281474976710655.000000	37.306107	5602	0.000000
281474976710655.000000	31.063557	5603	0.000000
281474976710655.000000	31.450081	5604	0.000000
281474976710655.000000	34.453255	5605	0.000000
281474976710655.000000	43.889572	5606	0.000000
281474976710655.000000	38.765247	5607	0.000000
281474976710655.000000	32.177513	5608	0.000000
281474976710655.000000	41.394840	5609	0.000000
281474976710655.000000	41.606003	5610	0.000000
281474976710655.000000	41.544476	5611	0.000000
281474976710655.000000	42.840534	5612	0.000000
281474976710655.000000	32.560646	5613	0.000000
281474976710655.000000	36.106136	5614	0.000000
281474976710655.000000	30.831743	5615	0.000000
281474976710655.000000	35.430405	5616	0.000000
281474976710655.000000	41.306599	5617	0.000000
281474976710655.000000	31.632830	5618	0.000000
281474976710655.000000	41.076916	5619	0.000000
281474976710655.000000	34.063778	5620	0.000000
281474976710655.000000	38.463089	5621	0.000000
281474976710655.000000	40.926750	5622	0.000000
281474976710655.000000	30.609110	5623	0.000000
281474976710655.000000	33.816296	5624	0.000000
281474976710655.000000	35.015507	5625	0.000000
281474976710655.000000	30.487103	5626	0.000000
281474976710655.000000	28.051056	5627	0.000000
281474976710655.000000	42.850834	5628	0.000000
281474976710655.000000	32.833588	5629	0.000000
281474976710655.000000	39.125160	5630	0.000000
281474976710655.000000	34.530891	5631	0.000000
281474976710655.000000	30.035801	5632	0.000000
281474976710655.000000	34.481735	5633	0.000000
281474976710655.000000	32.422813	5634	0.000000
281474976710655.000000	38.048615	5635	0.000000
281474976710655.000000	30.104168	5636	0.000000
281474976710655.000000	30.722374	5637	0.000000
281474976710655.000000	37.495728	5638	0.000000
281474976710655.000000	31.009192	5639	0.000000
281474976710655.000000	34.737190	5640	0.000000
281474976710655.000000	37.069901	5641	0.000000
281474976710655.000000	37.319462	5642	0.000000
281474976710655.000000	32.139469	5643	0.000000
281474976710655.000000	37.026726	5644	0.000000
281474976710655.000000	34.303520	5645	0.000000
281474976710655.000000	29.934591	5646	0.000000
281474976710655.000000	29.677942	5647	0.000000
281474976710655.000000	31.986576	5648	0.000000
281474976710655.000000	30.539225	5649	0.000000
281474976710655.000000	36.636345	5650	0.000000
281474976710655.000000	28.132212	5651	0.000000
281474976710655.000000	29.837351	5652	0.000000
281474976710655.000000	36.647823	5653	0.000000
281474976710655.000000	37.589985	5654	0.000000
281474976710655.000000	37.810921	5655	0.000000
281474976710655.000000	27.856846	5656	0.000000
281474976710655.000000	29.366356	5657	0.000000
281474976710655.000000	41.017338	5658	0.000000
281474976710655.000000	41.296360	5659	0.000000
281474976710655.000000	29.220547	5660	0.000000
281474976710655.000000	29.003300	5661	0.000000
281474976710655.000000	33.409893	5662	0.000000
281474976710655.000000	32.938953	5663	0.000000
281474976710655.000000	33.310215	5664	0.000000
281474976710655.000000	35.739883	5665	0.000000
281474976710655.000000	28.561777	5666	0.000000
281474976710655.000000	32.087067	5667	0.000000
281474976710655.000000	30.955923	5668	0.000000
281474976710655.000000	35.768932	5669	0.000000
281474976710655.000000	32.591084	5670	0.000000
281474976710655.000000	36.723816	5671	0.000000
281474976710655.000000	30.759436	5672	0.000000
281474976710655.000000	33.585457	5673	0.000000
281474976710655.000000	32.745647	5674	0.000000
281474976710655.000000	40.183624	5675	0.000000
281474976710655.000000	36.009422	5676	0.000000
281474976710655.000000	37.694252	5677	0.000000
281474976710655.000000	31.333502	5678	0.000000
281474976710655.000000	33.102127	5679	0.000000
281474976710655.000000	28.910685	5680	0.000000
281474976710655.000000	37.184990	5681	0.000000
281474976710655.000000	32.832756	5682	0.000000
281474976710655.000000	28.161110	5683	0.000000
281474976710655.000000	30.370270	5684	0.000000
281474976710655.000000	31.874207	5685	0.000000
281474976710655.000000	28.933386	5686	0.000000
281474976710655.000000	33.884605	5687	0.000000
281474976710655.000000	26.551039	5688	0.000000
281474976710655.000000	32.201576	5689	0.000000
281474976710655.000000	26.704813	5690	0.000000
281474976710655.000000	28.244377	5691	0.000000
281474976710655.000000	28.904543	5692	0.000000
281474976710655.000000	27.920807	5693	0.000000
281474976710655.000000	35.029251	5694	0.000000
281474976710655.000000	35.009628	5695	0.000000
281474976710655.000000	29.500467	5696	0.000000
281474976710655.000000	38.501911	5697	0.000000
281474976710655.000000	28.506187	5698	0.000000
281474976710655.000000	34.242672	5699	0.000000
281474976710655.000000	28.182230	5700	0.000000
281474976710655.000000	30.963840	5701	0.000000
281474976710655.000000	32.807293	5702	0.000000
281474976710655.000000	32.041378	5703	0.000000
281474976710655.000000	27.222145	5704	0.000000
281474976710655.000000	35.269928	5705	0.000000
281474976710655.000000	28.091850	5706	0.000000
281474976710655.000000	29.428459	5707	0.000000
281474976710655.000000	32.666714	5708	0.000000
281474976710655.000000	31.840254	5709	0.000000
281474976710655.000000	28.136629	5710	0.000000
281474976710655.000000	27.963985	5711	0.000000
281474976710655.000000	34.051590	5712	0.000000
281474976710655.000000	31.541260	5713	0.000000
281474976710655.000000	30.428978	5714	0.000000
281474976710655.000000	29.419781	5715	0.000000
281474976710655.000000	35.599567	5716	0.000000
281474976710655.000000	30.160475	5717	0.000000
281474976710655.000000	31.593840	5718	0.000000
281474976710655.000000	33.873962	5719	0.000000
281474976710655.000000	35.936180	5720	0.000000
281474976710655.000000	25.857630	5721	0.000000
281474976710655.000000	32.489021	5722	0.000000
281474976710655.000000	32.363426	5723	0.000000
281474976710655.000000	28.937836	5724	0.000000
281474976710655.000000	27.738941	5725	0.000000
281474976710655.000000	26.937357	5726	0.000000
281474976710655.000000	29.943888	5727	0.000000
281474976710655.000000	27.229265	5728	0.000000
281474976710655.000000	30.609655	5729	0.000000
281474976710655.000000	27.407265	5730	0.000000
281474976710655.000000	25.813246	5731	0.000000
281474976710655.000000	29.578169	5732	0.000000
281474976710655.000000	30.382711	5733	0.000000
281474976710655.000000	32.485752	5734	0.000000
281474976710655.000000	35.030769	5735	0.000000
281474976710655.000000	28.430910	5736	0.000000
281474976710655.000000	28.380184	5737	0.000000
281474976710655.000000	29.981400	5738	0.000000
281474976710655.000000	32.298546	5739	0.000000
281474976710655.000000	28.230696	5740	0.000000
281474976710655.000000	27.784286	5741	0.000000
281474976710655.000000	26.668480	5742	0.000000
281474976710655.000000	25.496969	5743	0.000000
281474976710655.000000	29.411964	5744	0.000000
281474976710655.000000	26.272488	5745	0.000000
281474976710655.000000	33.429432	5746	0.000000
281474976710655.000000	26.622238	5747	0.000000
281474976710655.000000	34.230965	5748	0.000000
281474976710655.000000	33.493607	5749	0.000000
281474976710655.000000	28.828403	5750	0.000000
281474976710655.000000	28.011219	5751	0.000000
281474976710655.000000	29.301409	5752	0.000000
281474976710655.000000	30.632830	5753	0.000000
281474976710655.000000	25.637423	5754	0.000000
281474976710655.000000	26.719398	5755	0.000000
281474976710655.000000	34.168163	5756	0.000000
281474976710655.000000	28.993759	5757	0.000000
281474976710655.000000	33.280079	5758	0.000000
281474976710655.000000	33.101730	5759	0.000000
281474976710655.000000	27.324963	5760	0.000000
281474976710655.000000	28.349770	5761	0.000000
281474976710655.000000	27.535116	5762	0.000000
281474976710655.000000	26.259825	5763	0.000000
281474976710655.000000	27.481806	5764	0.000000
281474976710655.000000	29.819397	5765	0.000000
281474976710655.000000	31.549404	5766	0.000000
281474976710655.000000	32.782124	5767	0.000000
281474976710655.000000	25.579895	5768	0.000000
281474976710655.000000	26.110001	5769	0.000000
281474976710655.000000	28.388552	5770	0.000000
281474976710655.000000	30.819895	5771	0.000000
281474976710655.000000	25.948174	5772	0.000000
281474976710655.000000	25.902122	5773	0.000000
281474976710655.000000	32.819237	5774	0.000000
281474976710655.000000	27.297796	5775	0.000000
281474976710655.000000	33.836033	5776	0.000000
281474976710655.000000	30.486109	5777	0.000000
281474976710655.000000	32.114357	5778	0.000000
281474976710655.000000	28.984375	5779	0.000000
281474976710655.000000	25.575474	5780	0.000000
281474976710655.000000	26.762335	5781	0.000000
281474976710655.000000	25.622568	5782	0.000000
281474976710655.000000	28.921225	5783	0.000000
281474976710655.000000	26.972370	5784	0.000000
281474976710655.000000	26.977627	5785	0.000000
281474976710655.000000	27.681007	5786	0.000000
281474976710655.000000	29.436491	5787	0.000000
281474976710655.000000	24.396000	5788	0.000000
281474976710655.000000	30.353247	5789	0.000000
281474976710655.000000	27.941454	5790	0.000000
281474976710655.000000	25.390139	5791	0.000000
281474976710655.000000	24.522011	5792	0.000000
281474976710655.000000	28.748201	5793	0.000000
281474976710655.000000	26.777040	5794	0.000000
281474976710655.000000	27.565121	5795	0.000000
281474976710655.000000	31.578491	5796	0.000000
281474976710655.000000	25.148020	5797	0.000000
281474976710655.000000	26.612898	5798	0.000000
281474976710655.000000	26.773026	5799	0.000000
281474976710655.000000	28.720827	5800	0.000000
281474976710655.000000	27.981552	5801	0.000000
281474976710655.000000	31.472612	5802	0.000000
281474976710655.000000	29.721973	5803	0.000000
281474976710655.000000	24.045914	5804	0.000000
281474976710655.000000	28.584047	5805	0.000000
281474976710655.000000	27.193684	5806	0.000000
281474976710655.000000	26.038599	5807	0.000000
281474976710655.000000	25.155865	5808	0.000000
281474976710655.000000	23.498129	5809	0.000000
281474976710655.000000	32.059803	5810	0.000000
281474976710655.000000	29.329020	5811	0.000000
281474976710655.000000	28.427946	5812	0.000000
281474976710655.000000	29.837019	5813	0.000000
281474976710655.000000	25.720449	5814	0.000000
281474976710655.000000	23.994402	5815	0.000000
281474976710655.000000	24.426783	5816	0.000000
281474976710655.000000	31.054157	5817	0.000000
281474976710655.000000	24.101362	5818	0.000000
281474976710655.000000	28.663273	5819	0.000000
281474976710655.000000	24.247663	5820	0.000000
281474976710655.000000	29.294277	5821	0.000000
281474976710655.000000	25.629147	5822	0.000000
281474976710655.000000	25.166498	5823	0.000000
281474976710655.000000	27.558067	5824	0.000000
281474976710655.000000	25.881821	5825	0.000000
281474976710655.000000	26.461857	5826	0.000000
281474976710655.000000	29.313784	5827	0.000000
281474976710655.000000	24.624928	5828	0.000000
281474976710655.000000	24.263859	5829	0.000000
281474976710655.000000	27.219175	5830	0.000000
281474976710655.000000	26.895790	5831	0.000000
281474976710655.000000	23.419874	5832	0.000000
281474976710655.000000	27.008183	5833	0.000000
281474976710655.000000	26.971714	5834	0.000000
281474976710655.000000	26.491787	5835	0.000000
281474976710655.000000	28.691742	5836	0.000000
281474976710655.000000	26.413433	5837	0.000000
281474976710655.000000	27.093233	5838	0.000000
281474976710655.000000	26.125282	5839	0.000000
281474976710655.000000	28.186560	5840	0.000000
281474976710655.000000	26.757534	5841	0.000000
281474976710655.000000	26.924948	5842	0.000000
281474976710655.000000	24.959751	5843	0.000000
281474976710655.000000	25.234125	5844	0.000000
281474976710655.000000	22.349792	5845	0.000000
281474976710655.000000	27.346573	5846	0.000000
281474976710655.000000	27.051544	5847	0.000000
281474976710655.000000	25.846060	5848	0.000000
281474976710655.000000	26.629019	5849	0.000000
281474976710655.000000	26.109241	5850	0.000000
281474976710655.000000	29.641674	5851	0.000000
281474976710655.000000	29.600689	5852	0.000000
281474976710655.000000	25.950874	5853	0.000000
281474976710655.000000	24.183640	5854	0.000000
281474976710655.000000	26.172817	5855	0.000000
281474976710655.000000	27.548700	5856	0.000000
281474976710655.000000	30.574791	5857	0.000000
281474976710655.000000	26.179024	5858	0.000000
281474976710655.000000	26.114599	5859	0.000000
281474976710655.000000	27.333628	5860	0.000000
281474976710655.000000	25.637627	5861	0.000000
281474976710655.000000	23.344063	5862	0.000000
281474976710655.000000	24.936249	5863	0.000000
281474976710655.000000	26.094759	5864	0.000000
281474976710655.000000	25.958420	5865	0.000000
281474976710655.000000	25.463291	5866	0.000000
281474976710655.000000	26.247080	5867	0.000000
281474976710655.000000	22.404871	5868	0.000000
281474976710655.000000	25.505030	5869	0.000000
281474976710655.000000	26.521929	5870	0.000000
281474976710655.000000	27.331364	5871	0.000000
281474976710655.000000	24.749439	5872	0.000000
281474976710655.000000	24.095598	5873	0.000000
281474976710655.000000	25.876869	5874	0.000000
281474976710655.000000	25.268688	5875	0.000000
281474976710655.000000	21.468435	5876	0.000000
281474976710655.000000	23.944147	5877	0.000000
281474976710655.000000	25.889132	5878	0.000000
281474976710655.000000	24.881941	5879	0.000000
281474976710655.000000	25.274794	5880	0.000000
281474976710655.000000	26.730177	5881	0.000000
281474976710655.000000	22.625292	5882	0.000000
281474976710655.000000	23.956598	5883	0.000000
281474976710655.000000	24.333065	5884	0.000000
281474976710655.000000	22.481943	5885	0.000000
281474976710655.000000	24.673208	5886	0.000000
281474976710655.000000	26.011187	5887	0.000000
281474976710655.000000	26.654247	5888	0.000000
281474976710655.000000	25.941950	5889	0.000000
281474976710655.000000	23.655127	5890	0.000000
281474976710655.000000	23.669460	5891	0.000000
281474976710655.000000	25.158596	5892	0.000000
281474976710655.000000	25.623184	5893	0.000000
281474976710655.000000	26.364721	5894	0.000000
281474976710655.000000	25.087637	5895	0.000000
281474976710655.000000	22.399733	5896	0.000000
281474976710655.000000	23.695805	5897	0.000000
281474976710655.000000	28.106224	5898	0.000000
281474976710655.000000	24.481117	5899	0.000000
281474976710655.000000	26.193899	5900	0.000000
281474976710655.000000	23.663139	5901	0.000000
281474976710655.000000	26.028784	5902	0.000000
281474976710655.000000	24.939543	5903	0.000000
281474976710655.000000	22.143219	5904	0.000000
281474976710655.000000	23.182653	5905	0.000000
281474976710655.000000	21.540398	5906	0.000000
281474976710655.000000	24.150597	5907	0.000000
281474976710655.000000	24.668993	5908	0.000000
281474976710655.000000	24.221405	5909	0.000000
281474976710655.000000	22.702913	5910	0.000000
281474976710655.000000	23.006542	5911	0.000000
281474976710655.000000	25.862223	5912	0.000000
281474976710655.000000	24.316610	5913	0.000000
281474976710655.000000	24.489464	5914	0.000000
281474976710655.000000	25.231712	5915	0.000000
281474976710655.000000	21.709116	5916	0.000000
281474976710655.000000	24.009680	5917	0.000000
281474976710655.000000	24.037521	5918	0.000000
281474976710655.000000	23.046144	5919	0.000000
281474976710655.000000	22.836592	5920	0.000000
281474976710655.000000	24.605011	5921	0.000000
281474976710655.000000	24.304115	5922	0.000000
281474976710655.000000	23.902695	5923	0.000000
281474976710655.000000	22.086283	5924	0.000000
281474976710655.000000	22.480965	5925	0.000000
281474976710655.000000	23.597576	5926	0.000000
281474976710655.000000	23.280499	5927	0.000000
281474976710655.000000	20.744530	5928	0.000000
281474976710655.000000	21.456476	5929	0.000000
281474976710655.000000	23.363640	5930	0.000000
281474976710655.000000	22.863579	5931	0.000000
281474976710655.000000	25.236925	5932	0.000000
281474976710655.000000	24.213493	5933	0.000000
281474976710655.000000	24.198774	5934	0.000000
281474976710655.000000	23.253172	5935	0.000000
281474976710655.000000	24.226574	5936	0.000000
281474976710655.000000	24.347870	5937	0.000000
281474976710655.000000	21.121351	5938	0.000000
281474976710655.000000	23.940559	5939	0.000000
281474976710655.000000	22.688059	5940	0.000000
281474976710655.000000	24.593262	5941	0.000000
281474976710655.000000	22.934525	5942	0.000000
281474976710655.000000	23.069332	5943	0.000000
281474976710655.000000	24.131815	5944	0.000000
281474976710655.000000	23.418051	5945	0.000000
281474976710655.000000	22.007481	5946	0.000000
281474976710655.000000	22.714445	5947	0.000000
281474976710655.000000	20.928202	5948	0.000000
281474976710655.000000	20.159655	5949	0.000000
281474976710655.000000	23.955402	5950	0.000000
281474976710655.000000	23.996447	5951	0.000000
281474976710655.000000	22.744463	5952	0.000000
281474976710655.000000	22.802599	5953	0.000000
281474976710655.000000	22.408478	5954	0.000000
281474976710655.000000	22.947922	5955	0.000000
281474976710655.000000	24.590530	5956	0.000000
281474976710655.000000	26.243004	5957	0.000000
281474976710655.000000	21.296253	5958	0.000000
281474976710655.000000	21.828751	5959	0.000000
281474976710655.000000	21.350172	5960	0.000000
281474976710655.000000	24.428984	5961	0.000000
281474976710655.000000	21.523550	5962	0.000000
281474976710655.000000	24.410898	5963	0.000000
281474976710655.000000	22.888681	5964	0.000000
281474976710655.000000	23.036543	5965	0.000000
281474976710655.000000	22.703262	5966	0.000000
281474976710655.000000	22.653460	5967	0.000000
281474976710655.000000	23.064213	5968	0.000000
281474976710655.000000	22.419565	5969	0.000000
281474976710655.000000	22.844776	5970	0.000000
281474976710655.000000	21.420601	5971	0.000000
281474976710655.000000	22.744038	5972	0.000000
281474976710655.000000	22.460342	5973	0.000000
281474976710655.000000	22.572327	5974	0.000000
281474976710655.000000	22.001364	5975	0.000000
281474976710655.000000	23.189772	5976	0.000000
281474976710655.000000	22.594591	5977	0.000000
281474976710655.000000	21.140902	5978	0.000000
281474976710655.000000	22.040333	5979	0.000000
281474976710655.000000	21.671186	5980	0.000000
281474976710655.000000	21.731937	5981	0.000000
281474976710655.000000	22.282564	5982	0.000000
281474976710655.000000	21.076054	5983	0.000000
281474976710655.000000	23.503212	5984	0.000000
281474976710655.000000	23.009733	5985	0.000000
281474976710655.000000	20.842567	5986	0.000000
281474976710655.000000	21.325790	5987	0.000000
281474976710655.000000	19.970284	5988	0.000000
281474976710655.000000	21.486837	5989	0.000000
281474976710655.000000	22.949070	5990	0.000000
281474976710655.000000	21.291523	5991	0.000000
281474976710655.000000	23.121826	5992	0.000000
281474976710655.000000	23.476128	5993	0.000000
281474976710655.000000	21.075583	5994	0.000000
281474976710655.000000	21.978128	5995	0.000000
281474976710655.000000	21.862061	5996	0.000000
281474976710655.000000	21.279076	5997	0.000000
281474976710655.000000	22.110720	5998	0.000000
281474976710655.000000	22.399971	5999	0.000000
281474976710655.000000	21.451349	6000	0.000000
281474976710655.000000	20.969604	6001	0.000000
281474976710655.000000	21.152704	6002	0.000000
281474976710655.000000	21.047003	6003	0.000000
281474976710655.000000	20.493887	6004	0.000000
281474976710655.000000	20.958736	6005	0.000000
281474976710655.000000	18.749395	6006	0.000000
281474976710655.000000	19.962769	6007	0.000000
281474976710655.000000	21.752737	6008	0.000000
281474976710655.000000	22.044437	6009	0.000000
281474976710655.000000	21.385227	6010	0.000000
281474976710655.000000	22.224834	6011	0.000000
281474976710655.000000	21.154295	6012	0.000000
281474976710655.000000	21.801558	6013	0.000000
281474976710655.000000	21.426250	6014	0.000000
281474976710655.000000	21.090548	6015	0.000000
281474976710655.000000	19.147255	6016	0.000000
281474976710655.000000	20.190725	6017	0.000000
281474976710655.000000	21.227198	6018	0.000000
281474976710655.000000	22.650124	6019	0.000000
281474976710655.000000	21.541365	6020	0.000000
281474976710655.000000	20.915630	6021	0.000000
281474976710655.000000	20.543959	6022	0.000000
281474976710655.000000	21.583080	6023	0.000000
281474976710655.000000	19.127480	6024	0.000000
281474976710655.000000	20.506142	6025	0.000000
281474976710655.000000	20.326750	6026	0.000000
281474976710655.000000	21.316542	6027	0.000000
281474976710655.000000	21.619865	6028	0.000000
281474976710655.000000	20.235617	6029	0.000000
281474976710655.000000	20.878736	6030	0.000000
281474976710655.000000	20.753584	6031	0.000000
281474976710655.000000	20.963028	6032	0.000000
281474976710655.000000	20.037630	6033	0.000000
281474976710655.000000	21.237940	6034	0.000000
281474976710655.000000	21.679192	6035	0.000000
281474976710655.000000	19.843235	6036	0.000000
281474976710655.000000	20.507368	6037	0.000000
281474976710655.000000	20.658676	6038	0.000000
281474976710655.000000	20.783054	6039	0.000000
281474976710655.000000	19.867510	6040	0.000000
281474976710655.000000	20.833702	6041	0.000000
281474976710655.000000	20.228601	6042	0.000000
281474976710655.000000	21.442276	6043	0.000000
281474976710655.000000	20.064034	6044	0.000000
281474976710655.000000	20.755306	6045	0.000000
281474976710655.000000	19.402884	6046	0.000000
281474976710655.000000	19.869253	6047	0.000000
281474976710655.000000	21.426241	6048	0.000000
281474976710655.000000	20.530865	6049	0.000000
281474976710655.000000	20.712729	6050	0.000000
281474976710655.000000	19.663511	6051	0.000000
281474976710655.000000	21.094524	6052	0.000000
281474976710655.000000	19.321442	6053	0.000000
281474976710655.000000	19.870935	6054	0.000000
281474976710655.000000	19.746113	6055	0.000000
281474976710655.000000	20.137318	6056	0.000000
281474976710655.000000	20.022547	6057	0.000000
281474976710655.000000	19.474737	6058	0.000000
281474976710655.000000	18.935747	6059	0.000000
281474976710655.000000	19.826876	6060	0.000000
281474976710655.000000	19.731888	6061	0.000000
281474976710655.000000	19.270329	6062	0.000000
281474976710655.000000	19.413300	6063	0.000000
281474976710655.000000	20.105017	6064	0.000000
281474976710655.000000	19.343399	6065	0.000000
281474976710655.000000	19.658104	6066	0.000000
281474976710655.000000	20.207285	6067	0.000000
281474976710655.000000	20.556137	6068	0.000000
281474976710655.000000	20.683754	6069	0.000000
281474976710655.000000	19.376377	6070	0.000000
281474976710655.000000	19.559971	6071	0.000000
281474976710655.000000	20.785526	6072	0.000000
281474976710655.000000	19.892927	6073	0.000000
281474976710655.000000	19.569052	6074	0.000000
281474976710655.000000	19.903131	6075	0.000000
281474976710655.000000	18.406401	6076	0.000000
281474976710655.000000	19.450819	6077	0.000000
281474976710655.000000	19.441710	6078	0.000000
281474976710655.000000	18.650513	6079	0.000000
281474976710655.000000	19.935354	6080	0.000000
281474976710655.000000	19.769337	6081	0.000000
281474976710655.000000	19.427788	6082	0.000000
281474976710655.000000	19.215929	6083	0.000000
281474976710655.000000	19.913927	6084	0.000000
281474976710655.000000	19.572254	6085	0.000000
281474976710655.000000	17.967516	6086	0.000000
281474976710655.000000	19.016981	6087	0.000000
281474976710655.000000	20.246666	6088	0.000000
281474976710655.000000	20.398098	6089	0.000000
281474976710655.000000	19.213623	6090	0.000000
281474976710655.000000	19.307171	6091	0.000000
281474976710655.000000	18.514811	6092	0.000000
281474976710655.000000	19.751177	6093	0.000000
281474976710655.000000	18.780485	6094	0.000000
281474976710655.000000	18.825045	6095	0.000000
281474976710655.000000	19.457289	6096	0.000000
281474976710655.000000	19.279009	6097	0.000000
281474976710655.000000	19.300117	6098	0.000000
281474976710655.000000	18.950809	6099	0.000000
281474976710655.000000	18.854668	6100	0.000000
281474976710655.000000	18.429031	6101	0.000000
281474976710655.000000	18.604418	6102	0.000000
281474976710655.000000	18.361874	6103	0.000000
281474976710655.000000	18.776415	6104	0.000000
281474976710655.000000	18.813240	6105	0.000000
281474976710655.000000	18.982758	6106	0.000000
281474976710655.000000	19.104107	6107	0.000000
281474976710655.000000	18.616087	6108	0.000000
281474976710655.000000	19.110342	6109	0.000000
281474976710655.000000	18.272266	6110	0.000000
281474976710655.000000	18.680363	6111	0.000000
281474976710655.000000	18.748951	6112	0.000000
281474976710655.000000	18.906298	6113	0.000000
281474976710655.000000	18.258213	6114	0.000000
281474976710655.000000	18.616127	6115	0.000000
281474976710655.000000	19.053080	6116	0.000000
281474976710655.000000	19.134195	6117	0.000000
281474976710655.000000	18.805799	6118	0.000000
281474976710655.000000	18.478189	6119	0.000000
281474976710655.000000	18.184570	6120	0.000000
281474976710655.000000	18.415037	6121	0.000000
281474976710655.000000	17.925901	6122	0.000000
281474976710655.000000	18.639048	6123	0.000000
281474976710655.000000	18.419584	6124	0.000000
281474976710655.000000	17.886475	6125	0.000000
281474976710655.000000	18.289555	6126	0.000000
281474976710655.000000	18.653954	6127	0.000000
281474976710655.000000	17.784214	6128	0.000000
281474976710655.000000	18.155708	6129	0.000000
281474976710655.000000	18.683355	6130	0.000000
281474976710655.000000	18.624029	6131	0.000000
281474976710655.000000	18.089737	6132	0.000000
281474976710655.000000	18.487541	6133	0.000000
281474976710655.000000	18.350863	6134	0.000000
281474976710655.000000	17.682125	6135	0.000000
281474976710655.000000	17.895206	6136	0.000000
281474976710655.000000	18.179461	6137	0.000000
281474976710655.000000	17.842352	6138	0.000000
281474976710655.000000	17.879829	6139	0.000000
281474976710655.000000	18.476046	6140	0.000000
281474976710655.000000	17.512980	6141	0.000000
281474976710655.000000	17.809708	6142	0.000000
281474976710655.000000	18.018875	6143	0.000000
281474976710655.000000	18.031195	6144	0.000000
281474976710655.000000	17.585606	6145	0.000000
281474976710655.000000	17.809788	6146	0.000000
281474976710655.000000	17.843243	6147	0.000000
281474976710655.000000	17.207985	6148	0.000000
281474976710655.000000	17.647694	6149	0.000000
281474976710655.000000	17.838274	6150	0.000000
281474976710655.000000	17.956785	6151	0.000000
281474976710655.000000	17.469065	6152	0.000000
281474976710655.000000	17.370502	6153	0.000000
281474976710655.000000	17.909485	6154	0.000000
281474976710655.000000	17.566496	6155	0.000000
281474976710655.000000	17.935621	6156	0.000000
281474976710655.000000	17.394297	6157	0.000000
281474976710655.000000	17.339491	6158	0.000000
281474976710655.000000	17.803314	6159	0.000000
281474976710655.000000	17.391251	6160	0.000000
281474976710655.000000	17.451921	6161	0.000000
281474976710655.000000	17.400732	6162	0.000000
281474976710655.000000	17.480139	6163	0.000000
281474976710655.000000	17.699989	6164	0.000000
281474976710655.000000	17.618134	6165	0.000000
281474976710655.000000	17.555891	6166	0.000000
281474976710655.000000	17.625013	6167	0.000000
281474976710655.000000	17.273680	6168	0.000000
281474976710655.000000	17.760380	6169	0.000000
281474976710655.000000	17.220257	6170	0.000000
281474976710655.000000	16.865751	6171	0.000000
281474976710655.000000	17.494238	6172	0.000000
281474976710655.000000	17.438765	6173	0.000000
281474976710655.000000	17.097948	6174	0.000000
281474976710655.000000	17.615381	6175	0.000000
281474976710655.000000	17.478600	6176	0.000000
281474976710655.000000	17.282793	6177	0.000000
281474976710655.000000	17.069252	6178	0.000000
281474976710655.000000	17.222282	6179	0.000000
281474976710655.000000	16.771252	6180	0.000000
281474976710655.000000	17.293547	6181	0.000000
281474976710655.000000	17.259975	6182	0.000000
281474976710655.000000	17.365719	6183	0.000000
281474976710655.000000	16.801678	6184	0.000000
281474976710655.000000	17.309902	6185	0.000000
281474976710655.000000	16.298859	6186	0.000000
281474976710655.000000	16.529806	6187	0.000000
281474976710655.000000	17.001577	6188	0.000000
281474976710655.000000	17.054779	6189	0.000000
281474976710655.000000	16.834909	6190	0.000000
281474976710655.000000	17.226721	6191	0.000000
281474976710655.000000	16.669024	6192	0.000000
281474976710655.000000	16.752401	6193	0.000000
281474976710655.000000	16.753599	6194	0.000000
281474976710655.000000	16.519693	6195	0.000000
281474976710655.000000	16.785017	6196	0.000000
281474976710655.000000	17.035149	6197	0.000000
281474976710655.000000	16.904390	6198	0.000000
281474976710655.000000	16.544474	6199	0.000000
281474976710655.000000	16.410254	6200	0.000000
281474976710655.000000	17.093897	6201	0.000000
281474976710655.000000	16.648422	6202	0.000000
281474976710655.000000	16.675188	6203	0.000000
281474976710655.000000	16.423683	6204	0.000000
281474976710655.000000	16.848005	6205	0.000000
281474976710655.000000	16.691786	6206	0.000000
281474976710655.000000	16.484896	6207	0.000000
281474976710655.000000	16.912109	6208	0.000000
281474976710655.000000	16.397402	6209	0.000000
281474976710655.000000	16.897295	6210	0.000000
281474976710655.000000	16.689661	6211	0.000000
281474976710655.000000	16.226332	6212	0.000000
281474976710655.000000	16.611412	6213	0.000000
281474976710655.000000	16.706856	6214	0.000000
281474976710655.000000	16.500355	6215	0.000000
281474976710655.000000	16.340080	6216	0.000000
281474976710655.000000	16.591721	6217	0.000000
281474976710655.000000	16.041710	6218	0.000000
281474976710655.000000	16.142612	6219	0.000000
281474976710655.000000	16.275398	6220	0.000000
281474976710655.000000	16.367901	6221	0.000000
281474976710655.000000	16.194498	6222	0.000000
281474976710655.000000	16.406811	6223	0.000000
281474976710655.000000	16.126728	6224	0.000000
281474976710655.000000	15.874457	6225	0.000000
281474976710655.000000	16.389124	6226	0.000000
281474976710655.000000	16.167772	6227	0.000000
281474976710655.000000	15.793565	6228	0.000000
281474976710655.000000	16.223644	6229	0.000000
281474976710655.000000	16.256876	6230	0.000000
281474976710655.000000	16.577965	6231	0.000000
281474976710655.000000	16.075058	6232	0.000000
281474976710655.000000	16.389877	6233	0.000000
281474976710655.000000	15.696453	6234	0.000000
281474976710655.000000	15.833232	6235	0.000000
281474976710655.000000	16.231953	6236	0.000000
281474976710655.000000	15.990696	6237	0.000000
281474976710655.000000	15.960922	6238	0.000000
281474976710655.000000	16.559866	6239	0.000000
281474976710655.000000	15.928820	6240	0.000000
281474976710655.000000	15.718336	6241	0.000000
281474976710655.000000	16.389338	6242	0.000000
281474976710655.000000	15.717646	6243	0.000000
281474976710655.000000	16.334496	6244	0.000000
281474976710655.000000	16.124165	6245	0.000000
281474976710655.000000	15.953725	6246	0.000000
281474976710655.000000	16.253670	6247	0.000000
281474976710655.000000	15.716425	6248	0.000000
281474976710655.000000	15.979114	6249	0.000000
281474976710655.000000	15.780359	6250	0.000000
281474976710655.000000	16.236830	6251	0.000000
281474976710655.000000	15.546624	6252	0.000000
281474976710655.000000	15.721464	6253	0.000000
281474976710655.000000	15.760098	6254	0.000000
281474976710655.000000	15.469199	6255	0.000000
281474976710655.000000	15.694598	6256	0.000000
281474976710655.000000	15.112782	6257	0.000000
281474976710655.000000	15.851636	6258	0.000000
281474976710655.000000	15.370552	6259	0.000000
281474976710655.000000	15.210831	6260	0.000000
281474976710655.000000	15.752443	6261	0.000000
281474976710655.000000	15.149573	6262	0.000000
281474976710655.000000	15.336846	6263	0.000000
281474976710655.000000	15.249987	6264	0.000000
281474976710655.000000	15.268353	6265	0.000000
281474976710655.000000	15.433560	6266	0.000000
281474976710655.000000	15.849886	6267	0.000000
281474976710655.000000	15.042128	6268	0.000000
281474976710655.000000	15.219344	6269	0.000000
281474976710655.000000	15.408441	6270	0.000000
281474976710655.000000	15.395592	6271	0.000000
281474976710655.000000	14.825181	6272	0.000000
281474976710655.000000	15.233858	6273	0.000000
281474976710655.000000	15.643943	6274	0.000000
281474976710655.000000	15.234735	6275	0.000000
281474976710655.000000	15.384998	6276	0.000000
281474976710655.000000	15.004447	6277	0.000000
281474976710655.000000	14.915881	6278	0.000000
281474976710655.000000	15.184432	6279	0.000000
281474976710655.000000	15.104128	6280	0.000000
281474976710655.000000	14.862221	6281	0.000000
281474976710655.000000	14.803317	6282	0.000000
281474976710655.000000	15.028297	6283	0.000000
281474976710655.000000	14.812601	6284	0.000000
281474976710655.000000	14.818119	6285	0.000000
281474976710655.000000	15.056888	6286	0.000000
281474976710655.000000	14.913668	6287	0.000000
281474976710655.000000	15.083491	6288	0.000000
281474976710655.000000	15.143956	6289	0.000000
281474976710655.000000	14.681041	6290	0.000000
281474976710655.000000	14.906619	6291	0.000000
281474976710655.000000	15.033011	6292	0.000000
281474976710655.000000	15.297265	6293	0.000000
281474976710655.000000	14.570466	6294	0.000000
281474976710655.000000	14.726431	6295	0.000000
281474976710655.000000	14.988111	6296	0.000000
281474976710655.000000	15.379835	6297	0.000000
281474976710655.000000	14.611422	6298	0.000000
281474976710655.000000	14.670416	6299	0.000000
281474976710655.000000	14.852582	6300	0.000000
281474976710655.000000	15.116799	6301	0.000000
281474976710655.000000	14.488015	6302	0.000000
281474976710655.000000	14.892627	6303	0.000000
281474976710655.000000	14.375918	6304	0.000000
281474976710655.000000	15.116096	6305	0.000000
281474976710655.000000	14.583970	6306	0.000000
281474976710655.000000	14.934166	6307	0.000000
281474976710655.000000	14.621595	6308	0.000000
281474976710655.000000	14.602329	6309	0.000000
281474976710655.000000	14.907027	6310	0.000000
281474976710655.000000	14.453390	6311	0.000000
281474976710655.000000	14.646985	6312	0.000000
281474976710655.000000	14.757800	6313	0.000000
281474976710655.000000	14.490674	6314	0.000000
281474976710655.000000	14.354415	6315	0.000000
281474976710655.000000	14.114925	6316	0.000000
281474976710655.000000	14.121979	6317	0.000000
281474976710655.000000	14.469467	6318	0.000000
281474976710655.000000	14.341678	6319	0.000000
281474976710655.000000	14.059969	6320	0.000000
281474976710655.000000	14.627624	6321	0.000000
281474976710655.000000	14.015693	6322	0.000000
281474976710655.000000	14.416499	6323	0.000000
281474976710655.000000	14.663596	6324	0.000000
281474976710655.000000	14.542544	6325	0.000000
281474976710655.000000	14.485712	6326	0.000000
281474976710655.000000	14.528277	6327	0.000000
281474976710655.000000	14.315263	6328	0.000000
281474976710655.000000	14.335791	6329	0.000000
281474976710655.000000	14.152751	6330	0.000000
281474976710655.000000	14.029146	6331	0.000000
281474976710655.000000	14.295441	6332	0.000000
281474976710655.000000	14.252352	6333	0.000000
281474976710655.000000	13.678104	6334	0.000000
281474976710655.000000	13.884821	6335	0.000000
281474976710655.000000	13.804749	6336	0.000000
281474976710655.000000	14.417449	6337	0.000000
281474976710655.000000	14.189224	6338	0.000000
281474976710655.000000	14.200703	6339	0.000000
281474976710655.000000	13.904872	6340	0.000000
281474976710655.000000	14.160056	6341	0.000000
281474976710655.000000	13.868722	6342	0.000000
281474976710655.000000	13.930449	6343	0.000000
281474976710655.000000	13.909435	6344	0.000000
281474976710655.000000	13.714955	6345	0.000000
281474976710655.000000	14.260334	6346	0.000000
281474976710655.000000	13.891910	6347	0.000000
281474976710655.000000	13.660304	6348	0.000000
281474976710655.000000	13.725101	6349	0.000000
281474976710655.000000	13.624371	6350	0.000000
281474976710655.000000	13.466005	6351	0.000000
281474976710655.000000	13.813861	6352	0.000000
281474976710655.000000	14.009707	6353	0.000000
281474976710655.000000	13.850185	6354	0.000000
281474976710655.000000	13.927750	6355	0.000000
281474976710655.000000	13.733503	6356	0.000000
281474976710655.000000	13.745561	6357	0.000000
281474976710655.000000	13.475790	6358	0.000000
281474976710655.000000	13.533186	6359	0.000000
281474976710655.000000	13.621398	6360	0.000000
281474976710655.000000	13.624236	6361	0.000000
281474976710655.000000	13.982375	6362	0.000000
281474976710655.000000	14.024259	6363	0.000000
281474976710655.000000	13.382741	6364	0.000000
281474976710655.000000	13.479785	6365	0.000000
281474976710655.000000	13.445097	6366	0.000000
281474976710655.000000	13.421782	6367	0.000000
281474976710655.000000	13.305476	6368	0.000000
281474976710655.000000	13.197486	6369	0.000000
281474976710655.000000	13.413178	6370	0.000000
281474976710655.000000	13.419726	6371	0.000000
281474976710655.000000	13.322145	6372	0.000000
281474976710655.000000	13.400737	6373	0.000000
281474976710655.000000	13.143769	6374	0.000000
281474976710655.000000	13.380540	6375	0.000000
281474976710655.000000	13.722072	6376	0.000000
281474976710655.000000	13.317465	6377	0.000000
281474976710655.000000	13.627697	6378	0.000000
281474976710655.000000	13.125048	6379	0.000000
281474976710655.000000	13.410930	6380	0.000000
281474976710655.000000	13.454638	6381	0.000000
281474976710655.000000	12.904441	6382	0.000000
281474976710655.000000	13.275455	6383	0.000000
281474976710655.000000	12.985109	6384	0.000000
281474976710655.000000	13.316766	6385	0.000000
281474976710655.000000	12.941774	6386	0.000000
281474976710655.000000	12.900166	6387	0.000000
281474976710655.000000	13.371160	6388	0.000000
281474976710655.000000	13.172914	6389	0.000000
281474976710655.000000	13.049423	6390	0.000000
281474976710655.000000	13.083329	6391	0.000000
281474976710655.000000	12.956958	6392	0.000000
281474976710655.000000	13.283358	6393	0.000000
281474976710655.000000	13.312744	6394	0.000000
281474976710655.000000	12.745446	6395	0.000000
281474976710655.000000	13.141537	6396	0.000000
281474976710655.000000	12.995067	6397	0.000000
281474976710655.000000	12.660151	6398	0.000000
281474976710655.000000	13.055012	6399	0.000000
281474976710655.000000	12.968526	6400	0.000000
281474976710655.000000	12.784787	6401	0.000000
281474976710655.000000	12.857025	6402	0.000000
281474976710655.000000	13.145138	6403	0.000000
281474976710655.000000	12.890691	6404	0.000000
281474976710655.000000	12.961088	6405	0.000000
281474976710655.000000	12.423863	6406	0.000000
281474976710655.000000	12.798595	6407	0.000000
281474976710655.000000	12.713141	6408	0.000000
281474976710655.000000	12.816177	6409	0.000000
281474976710655.000000	13.092377	6410	0.000000
281474976710655.000000	13.151606	6411	0.000000
281474976710655.000000	12.632797	6412	0.000000
281474976710655.000000	13.274282	6413	0.000000
281474976710655.000000	12.584755	6414	0.000000
281474976710655.000000	12.261656	6415	0.000000
281474976710655.000000	12.528507	6416	0.000000
281474976710655.000000	12.507998	6417	0.000000
281474976710655.000000	12.613166	6418	0.000000
281474976710655.000000	12.698623	6419	0.000000
281474976710655.000000	12.611512	6420	0.000000
281474976710655.000000	12.320271	6421	0.000000
281474976710655.000000	12.387053	6422	0.000000
281474976710655.000000	12.857850	6423	0.000000
281474976710655.000000	12.323607	6424	0.000000
281474976710655.000000	12.572483	6425	0.000000
281474976710655.000000	12.758389	6426	0.000000
281474976710655.000000	12.572447	6427	0.000000
281474976710655.000000	12.160836	6428	0.000000
281474976710655.000000	12.425720	6429	0.000000
281474976710655.000000	12.422252	6430	0.000000
281474976710655.000000	12.732934	6431	0.000000
281474976710655.000000	12.155604	6432	0.000000
281474976710655.000000	12.801518	6433	0.000000
281474976710655.000000	12.102354	6434	0.000000
281474976710655.000000	12.364455	6435	0.000000
281474976710655.000000	12.149004	6436	0.000000
281474976710655.000000	12.056356	6437	0.000000
281474976710655.000000	12.620304	6438	0.000000
281474976710655.000000	12.368671	6439	0.000000
281474976710655.000000	12.519954	6440	0.000000
281474976710655.000000	12.001227	6441	0.000000
281474976710655.000000	12.463298	6442	0.000000
281474976710655.000000	12.289512	6443	0.000000
281474976710655.000000	12.271928	6444	0.000000
281474976710655.000000	12.669064	6445	0.000000
281474976710655.000000	12.353230	6446	0.000000
281474976710655.000000	12.250192	6447	0.000000
281474976710655.000000	12.243954	6448	0.000000
281474976710655.000000	12.584025	6449	0.000000
281474976710655.000000	12.090662	6450	0.000000
281474976710655.000000	11.788877	6451	0.000000
281474976710655.000000	12.143992	6452	0.000000
281474976710655.000000	12.143608	6453	0.000000
281474976710655.000000	11.735497	6454	0.000000
281474976710655.000000	12.479560	6455	0.000000
281474976710655.000000	11.914903	6456	0.000000
281474976710655.000000	12.344996	6457	0.000000
281474976710655.000000	11.932034	6458	0.000000
281474976710655.000000	12.256439	6459	0.000000
281474976710655.000000	11.864960	6460	0.000000
281474976710655.000000	11.771113	6461	0.000000
281474976710655.000000	11.859015	6462	0.000000
281474976710655.000000	11.945744	6463	0.000000
281474976710655.000000	11.954653	6464	0.000000
281474976710655.000000	11.902993	6465	0.000000
281474976710655.000000	11.998590	6466	0.000000
281474976710655.000000	11.635448	6467	0.000000
281474976710655.000000	11.795508	6468	0.000000
281474976710655.000000	11.695683	6469	0.000000
281474976710655.000000	12.007497	6470	0.000000
281474976710655.000000	11.984877	6471	0.000000
281474976710655.000000	11.675073	6472	0.000000
281474976710655.000000	11.642618	6473	0.000000
281474976710655.000000	11.910831	6474	0.000000
281474976710655.000000	11.574272	6475	0.000000
281474976710655.000000	11.771763	6476	0.000000
281474976710655.000000	11.537542	6477	0.000000
281474976710655.000000	11.831263	6478	0.000000
281474976710655.000000	11.609735	6479	0.000000
281474976710655.000000	11.880180	6480	0.000000
281474976710655.000000	11.837171	6481	0.000000
281474976710655.000000	11.732643	6482	0.000000
281474976710655.000000	11.828959	6483	0.000000
281474976710655.000000	11.347578	6484	0.000000
281474976710655.000000	11.622409	6485	0.000000
281474976710655.000000	11.546168	6486	0.000000
281474976710655.000000	11.575323	6487	0.000000
281474976710655.000000	11.723583	6488	0.000000
281474976710655.000000	11.539734	6489	0.000000
281474976710655.000000	11.282586	6490	0.000000
281474976710655.000000	11.597492	6491	0.000000
281474976710655.000000	11.581296	6492	0.000000
281474976710655.000000	11.432671	6493	0.000000
281474976710655.000000	11.362064	6494	0.000000
281474976710655.000000	11.430253	6495	0.000000
281474976710655.000000	11.419868	6496	0.000000
281474976710655.000000	11.435160	6497	0.000000
281474976710655.000000	11.358204	6498	0.000000
281474976710655.000000	11.378345	6499	0.000000
281474976710655.000000	11.369462	6500	0.000000
281474976710655.000000	11.249294	6501	0.000000
281474976710655.000000	11.335681	6502	0.000000
281474976710655.000000	11.458063	6503	0.000000
281474976710655.000000	11.471148	6504	0.000000
281474976710655.000000	11.403779	6505	0.000000
281474976710655.000000	11.168127	6506	0.000000
281474976710655.000000	11.474619	6507	0.000000
281474976710655.000000	11.048987	6508	0.000000
281474976710655.000000	11.340159	6509	0.000000
281474976710655.000000	11.240884	6510	0.000000
281474976710655.000000	11.177862	6511	0.000000
281474976710655.000000	11.112995	6512	0.000000
281474976710655.000000	11.269732	6513	0.000000
281474976710655.000000	11.017157	6514	0.000000
281474976710655.000000	11.177182	6515	0.000000
281474976710655.000000	10.960505	6516	0.000000
281474976710655.000000	11.285929	6517	0.000000
281474976710655.000000	10.837822	6518	0.000000
281474976710655.000000	11.073667	6519	0.000000
281474976710655.000000	10.926924	6520	0.000000
281474976710655.000000	11.000690	6521	0.000000
281474976710655.000000	11.221633	6522	0.000000
281474976710655.000000	10.996396	6523	0.000000
281474976710655.000000	10.922496	6524	0.000000
281474976710655.000000	11.136704	6525	0.000000
281474976710655.000000	10.856361	6526	0.000000
281474976710655.000000	11.060969	6527	0.000000
281474976710655.000000	11.080764	6528	0.000000
281474976710655.000000	10.975805	6529	0.000000
281474976710655.000000	10.766307	6530	0.000000
281474976710655.000000	10.820050	6531	0.000000
281474976710655.000000	10.794684	6532	0.000000
281474976710655.000000	10.930794	6533	0.000000
281474976710655.000000	10.873184	6534	0.000000
281474976710655.000000	11.097190	6535	0.000000
281474976710655.000000	10.911470	6536	0.000000
281474976710655.000000	10.841241	6537	0.000000
281474976710655.000000	10.671261	6538	0.000000
281474976710655.000000	10.879570	6539	0.000000
281474976710655.000000	10.570392	6540	0.000000
281474976710655.000000	10.657122	6541	0.000000
281474976710655.000000	10.817145	6542	0.000000
281474976710655.000000	10.712373	6543	0.000000
281474976710655.000000	10.686565	6544	0.000000
281474976710655.000000	10.822082	6545	0.000000
