crossing time (s)	slope (V/s)	crossing number
281474976710655.000000	46.069557	307	0.000000
281474976710655.000000	56.616829	308	0.000000
281474976710655.000000	41.811237	309	0.000000
281474976710655.000000	37.858109	310	0.000000
281474976710655.000000	41.696606	311	0.000000
281474976710655.000000	36.308380	312	0.000000
281474976710655.000000	33.373108	313	0.000000
281474976710655.000000	49.088966	314	0.000000
281474976710655.000000	36.363106	315	0.000000
281474976710655.000000	45.939014	316	0.000000
281474976710655.000000	41.420383	317	0.000000
281474976710655.000000	36.490555	318	0.000000
281474976710655.000000	32.892185	319	0.000000
281474976710655.000000	52.231480	320	0.000000
281474976710655.000000	55.469357	321	0.000000
281474976710655.000000	50.794521	322	0.000000
281474976710655.000000	40.555756	323	0.000000
281474976710655.000000	38.606575	324	0.000000
281474976710655.000000	36.833473	325	0.000000
281474976710655.000000	38.716393	326	0.000000
281474976710655.000000	44.423401	327	0.000000
281474976710655.000000	35.451931	328	0.000000
281474976710655.000000	35.977951	329	0.000000
281474976710655.000000	42.328938	330	0.000000
281474976710655.000000	44.326893	331	0.000000
281474976710655.000000	45.197247	332	0.000000
281474976710655.000000	40.534134	333	0.000000
281474976710655.000000	40.391350	334	0.000000
281474976710655.000000	33.505329	335	0.000000
281474976710655.000000	41.831951	336	0.000000
281474976710655.000000	54.177242	337	0.000000
281474976710655.000000	40.142212	338	0.000000
281474976710655.000000	40.007641	339	0.000000
281474976710655.000000	43.689968	340	0.000000
281474976710655.000000	40.080799	341	0.000000
281474976710655.000000	32.112251	342	0.000000
281474976710655.000000	44.291992	343	0.000000
281474976710655.000000	49.420376	344	0.000000
281474976710655.000000	33.171474	345	0.000000
281474976710655.000000	37.157410	346	0.000000
281474976710655.000000	52.096294	347	0.000000
281474976710655.000000	34.519878	348	0.000000
281474976710655.000000	30.430138	349	0.000000
281474976710655.000000	30.575823	350	0.000000
281474976710655.000000	40.258816	351	0.000000
281474976710655.000000	43.006508	352	0.000000
281474976710655.000000	48.871170	353	0.000000
281474976710655.000000	53.324608	354	0.000000
281474976710655.000000	39.522007	355	0.000000
281474976710655.000000	40.202152	356	0.000000
281474976710655.000000	30.355898	357	0.000000
281474976710655.000000	51.839931	358	0.000000
281474976710655.000000	51.332298	359	0.000000
281474976710655.000000	39.025021	360	0.000000
281474976710655.000000	34.459274	361	0.000000
281474976710655.000000	51.063950	362	0.000000
281474976710655.000000	32.391930	363	0.000000
281474976710655.000000	31.301394	364	0.000000
281474976710655.000000	39.599125	365	0.000000
281474976710655.000000	30.081543	366	0.000000
281474976710655.000000	47.950676	367	0.000000
281474976710655.000000	36.701118	368	0.000000
281474976710655.000000	36.576218	369	0.000000
281474976710655.000000	47.730022	370	0.000000
281474976710655.000000	36.827015	371	0.000000
281474976710655.000000	42.220993	372	0.000000
281474976710655.000000	38.519196	373	0.000000
281474976710655.000000	38.246334	374	0.000000
281474976710655.000000	36.396782	375	0.000000
281474976710655.000000	36.727261	376	0.000000
281474976710655.000000	39.404263	377	0.000000
281474976710655.000000	38.169266	378	0.000000
281474976710655.000000	36.030502	379	0.000000
281474976710655.000000	47.383789	380	0.000000
281474976710655.000000	38.149506	381	0.000000
281474976710655.000000	38.134502	382	0.000000
281474976710655.000000	37.975849	383	0.000000
281474976710655.000000	41.229755	384	0.000000
281474976710655.000000	37.756603	385	0.000000
281474976710655.000000	37.614002	386	0.000000
281474976710655.000000	35.742584	387	0.000000
281474976710655.000000	44.463959	388	0.000000
281474976710655.000000	47.459862	389	0.000000
281474976710655.000000	37.534889	390	0.000000
281474976710655.000000	33.899452	391	0.000000
281474976710655.000000	31.370857	392	0.000000
281474976710655.000000	46.512707	393	0.000000
281474976710655.000000	32.944988	394	0.000000
281474976710655.000000	35.390938	395	0.000000
281474976710655.000000	37.487598	396	0.000000
281474976710655.000000	32.425545	397	0.000000
281474976710655.000000	46.225349	398	0.000000
281474976710655.000000	45.957073	399	0.000000
281474976710655.000000	30.909332	400	0.000000
281474976710655.000000	29.701399	401	0.000000
281474976710655.000000	41.236465	402	0.000000
281474976710655.000000	32.747688	403	0.000000
281474976710655.000000	33.340797	404	0.000000
281474976710655.000000	36.833447	405	0.000000
281474976710655.000000	46.845413	406	0.000000
281474976710655.000000	32.268692	407	0.000000
281474976710655.000000	30.658909	408	0.000000
281474976710655.000000	34.534142	409	0.000000
281474976710655.000000	46.564217	410	0.000000
281474976710655.000000	36.764427	411	0.000000
281474976710655.000000	32.256859	412	0.000000
281474976710655.000000	30.429466	413	0.000000
281474976710655.000000	42.771420	414	0.000000
281474976710655.000000	39.753849	415	0.000000
281474976710655.000000	36.741245	416	0.000000
281474976710655.000000	39.744595	417	0.000000
281474976710655.000000	42.850887	418	0.000000
281474976710655.000000	36.421288	419	0.000000
281474976710655.000000	35.818779	420	0.000000
281474976710655.000000	35.020138	421	0.000000
281474976710655.000000	36.321655	422	0.000000
281474976710655.000000	36.169689	423	0.000000
281474976710655.000000	34.084846	424	0.000000
281474976710655.000000	39.172054	425	0.000000
281474976710655.000000	35.958031	426	0.000000
281474976710655.000000	32.417217	427	0.000000
281474976710655.000000	31.886103	428	0.000000
281474976710655.000000	34.822849	429	0.000000
281474976710655.000000	42.055782	430	0.000000
281474976710655.000000	31.715126	431	0.000000
281474976710655.000000	39.062244	432	0.000000
281474976710655.000000	41.765770	433	0.000000
281474976710655.000000	35.591206	434	0.000000
281474976710655.000000	30.941355	435	0.000000
281474976710655.000000	33.256741	436	0.000000
281474976710655.000000	38.418201	437	0.000000
281474976710655.000000	32.057194	438	0.000000
281474976710655.000000	33.272209	439	0.000000
281474976710655.000000	36.209236	440	0.000000
281474976710655.000000	38.531425	441	0.000000
281474976710655.000000	38.306942	442	0.000000
281474976710655.000000	41.210735	443	0.000000
281474976710655.000000	33.039024	444	0.000000
281474976710655.000000	37.986237	445	0.000000
281474976710655.000000	43.411823	446	0.000000
281474976710655.000000	43.346134	447	0.000000
281474976710655.000000	34.954384	448	0.000000
281474976710655.000000	32.138119	449	0.000000
281474976710655.000000	29.089146	450	0.000000
281474976710655.000000	30.357578	451	0.000000
281474976710655.000000	41.862305	452	0.000000
281474976710655.000000	34.782066	453	0.000000
281474976710655.000000	30.233736	454	0.000000
281474976710655.000000	34.625492	455	0.000000
281474976710655.000000	35.698311	456	0.000000
281474976710655.000000	37.812012	457	0.000000
281474976710655.000000	43.716103	458	0.000000
281474976710655.000000	31.035723	459	0.000000
281474976710655.000000	40.610306	460	0.000000
281474976710655.000000	37.459705	461	0.000000
281474976710655.000000	30.832890	462	0.000000
281474976710655.000000	42.198063	463	0.000000
281474976710655.000000	29.975792	464	0.000000
281474976710655.000000	29.993860	465	0.000000
281474976710655.000000	34.662193	466	0.000000
281474976710655.000000	40.122166	467	0.000000
281474976710655.000000	30.470779	468	0.000000
281474976710655.000000	32.031864	469	0.000000
281474976710655.000000	30.683283	470	0.000000
281474976710655.000000	30.334986	471	0.000000
281474976710655.000000	35.539398	472	0.000000
281474976710655.000000	36.611519	473	0.000000
281474976710655.000000	35.186771	474	0.000000
281474976710655.000000	39.406136	475	0.000000
281474976710655.000000	30.215460	476	0.000000
281474976710655.000000	34.492046	477	0.000000
281474976710655.000000	37.998501	478	0.000000
281474976710655.000000	30.043438	479	0.000000
281474976710655.000000	37.058483	480	0.000000
281474976710655.000000	39.261570	481	0.000000
281474976710655.000000	33.476662	482	0.000000
281474976710655.000000	30.061880	483	0.000000
281474976710655.000000	29.370686	484	0.000000
281474976710655.000000	33.731453	485	0.000000
281474976710655.000000	29.654818	486	0.000000
281474976710655.000000	36.480469	487	0.000000
281474976710655.000000	34.344746	488	0.000000
281474976710655.000000	32.527367	489	0.000000
281474976710655.000000	34.789551	490	0.000000
281474976710655.000000	36.705837	491	0.000000
281474976710655.000000	35.658417	492	0.000000
281474976710655.000000	36.995029	493	0.000000
281474976710655.000000	33.042358	494	0.000000
281474976710655.000000	29.651278	495	0.000000
281474976710655.000000	29.211412	496	0.000000
281474976710655.000000	31.121637	497	0.000000
281474976710655.000000	32.637737	498	0.000000
281474976710655.000000	31.095789	499	0.000000
281474976710655.000000	32.939468	500	0.000000
281474976710655.000000	40.003986	501	0.000000
281474976710655.000000	36.940193	502	0.000000
281474976710655.000000	34.184765	503	0.000000
281474976710655.000000	29.720436	504	0.000000
281474976710655.000000	29.501341	505	0.000000
281474976710655.000000	32.680061	506	0.000000
281474976710655.000000	32.464249	507	0.000000
281474976710655.000000	33.203800	508	0.000000
281474976710655.000000	29.768644	509	0.000000
281474976710655.000000	34.243088	510	0.000000
281474976710655.000000	37.994839	511	0.000000
281474976710655.000000	34.822536	512	0.000000
281474976710655.000000	32.991890	513	0.000000
281474976710655.000000	34.661415	514	0.000000
281474976710655.000000	36.327217	515	0.000000
281474976710655.000000	40.008724	516	0.000000
281474976710655.000000	29.132751	517	0.000000
281474976710655.000000	30.483797	518	0.000000
281474976710655.000000	27.834332	519	0.000000
281474976710655.000000	31.488661	520	0.000000
281474976710655.000000	35.122879	521	0.000000
281474976710655.000000	28.631027	522	0.000000
281474976710655.000000	28.762360	523	0.000000
281474976710655.000000	32.961861	524	0.000000
281474976710655.000000	27.872383	525	0.000000
281474976710655.000000	27.787018	526	0.000000
281474976710655.000000	34.792515	527	0.000000
281474976710655.000000	39.179443	528	0.000000
281474976710655.000000	28.435181	529	0.000000
281474976710655.000000	35.489002	530	0.000000
281474976710655.000000	31.192781	531	0.000000
281474976710655.000000	29.735765	532	0.000000
281474976710655.000000	32.048950	533	0.000000
281474976710655.000000	31.296192	534	0.000000
281474976710655.000000	34.193562	535	0.000000
281474976710655.000000	28.303114	536	0.000000
281474976710655.000000	28.079803	537	0.000000
281474976710655.000000	31.537968	538	0.000000
281474976710655.000000	33.568501	539	0.000000
281474976710655.000000	38.151165	540	0.000000
281474976710655.000000	32.449390	541	0.000000
281474976710655.000000	32.704353	542	0.000000
281474976710655.000000	36.393162	543	0.000000
281474976710655.000000	35.068569	544	0.000000
281474976710655.000000	26.624985	545	0.000000
281474976710655.000000	35.394707	546	0.000000
281474976710655.000000	32.232758	547	0.000000
281474976710655.000000	34.879021	548	0.000000
281474976710655.000000	37.707703	549	0.000000
281474976710655.000000	27.806057	550	0.000000
281474976710655.000000	27.759020	551	0.000000
281474976710655.000000	32.990952	552	0.000000
281474976710655.000000	28.137882	553	0.000000
281474976710655.000000	35.635979	554	0.000000
281474976710655.000000	34.679409	555	0.000000
281474976710655.000000	26.803743	556	0.000000
281474976710655.000000	25.372782	557	0.000000
281474976710655.000000	35.613663	558	0.000000
281474976710655.000000	32.736660	559	0.000000
281474976710655.000000	27.693666	560	0.000000
281474976710655.000000	32.102459	561	0.000000
281474976710655.000000	26.874077	562	0.000000
281474976710655.000000	27.003288	563	0.000000
281474976710655.000000	33.942318	564	0.000000
281474976710655.000000	26.274591	565	0.000000
281474976710655.000000	27.241919	566	0.000000
281474976710655.000000	27.060619	567	0.000000
281474976710655.000000	28.691181	568	0.000000
281474976710655.000000	34.740623	569	0.000000
281474976710655.000000	27.367081	570	0.000000
281474976710655.000000	32.115917	571	0.000000
281474976710655.000000	32.314514	572	0.000000
281474976710655.000000	30.421530	573	0.000000
281474976710655.000000	32.732059	574	0.000000
281474976710655.000000	26.659824	575	0.000000
281474976710655.000000	28.425417	576	0.000000
281474976710655.000000	33.965504	577	0.000000
281474976710655.000000	29.228048	578	0.000000
281474976710655.000000	34.935383	579	0.000000
281474976710655.000000	26.651712	580	0.000000
281474976710655.000000	28.009277	581	0.000000
281474976710655.000000	31.028599	582	0.000000
281474976710655.000000	26.456408	583	0.000000
281474976710655.000000	26.453650	584	0.000000
281474976710655.000000	26.336277	585	0.000000
281474976710655.000000	24.650333	586	0.000000
281474976710655.000000	31.598854	587	0.000000
281474976710655.000000	32.086979	588	0.000000
281474976710655.000000	27.789288	589	0.000000
281474976710655.000000	26.365488	590	0.000000
281474976710655.000000	31.302223	591	0.000000
281474976710655.000000	30.536608	592	0.000000
281474976710655.000000	29.088453	593	0.000000
281474976710655.000000	28.917042	594	0.000000
281474976710655.000000	24.829725	595	0.000000
281474976710655.000000	31.899105	596	0.000000
281474976710655.000000	31.211588	597	0.000000
281474976710655.000000	31.721817	598	0.000000
281474976710655.000000	33.976887	599	0.000000
281474976710655.000000	29.688051	600	0.000000
281474976710655.000000	32.392277	601	0.000000
281474976710655.000000	25.173143	602	0.000000
281474976710655.000000	24.560959	603	0.000000
281474976710655.000000	28.131306	604	0.000000
281474976710655.000000	33.947250	605	0.000000
281474976710655.000000	29.139265	606	0.000000
281474976710655.000000	27.128363	607	0.000000
281474976710655.000000	25.686075	608	0.000000
281474976710655.000000	25.718546	609	0.000000
281474976710655.000000	31.218334	610	0.000000
281474976710655.000000	27.272774	611	0.000000
281474976710655.000000	31.331043	612	0.000000
281474976710655.000000	32.556187	613	0.000000
281474976710655.000000	25.836046	614	0.000000
281474976710655.000000	28.948429	615	0.000000
281474976710655.000000	33.607388	616	0.000000
281474976710655.000000	31.296860	617	0.000000
281474976710655.000000	25.423666	618	0.000000
281474976710655.000000	28.673973	619	0.000000
281474976710655.000000	31.867788	620	0.000000
281474976710655.000000	24.847500	621	0.000000
281474976710655.000000	28.664852	622	0.000000
281474976710655.000000	29.345034	623	0.000000
281474976710655.000000	26.168798	624	0.000000
281474976710655.000000	24.022165	625	0.000000
281474976710655.000000	32.805565	626	0.000000
281474976710655.000000	30.177832	627	0.000000
281474976710655.000000	24.032158	628	0.000000
281474976710655.000000	29.042658	629	0.000000
281474976710655.000000	29.691481	630	0.000000
281474976710655.000000	29.646019	631	0.000000
281474976710655.000000	24.965145	632	0.000000
281474976710655.000000	28.005438	633	0.000000
281474976710655.000000	24.916889	634	0.000000
281474976710655.000000	25.126915	635	0.000000
281474976710655.000000	28.065994	636	0.000000
281474976710655.000000	29.416136	637	0.000000
281474976710655.000000	28.086113	638	0.000000
281474976710655.000000	28.029877	639	0.000000
281474976710655.000000	27.541759	640	0.000000
281474976710655.000000	24.780886	641	0.000000
281474976710655.000000	25.913021	642	0.000000
281474976710655.000000	27.437641	643	0.000000
281474976710655.000000	29.798981	644	0.000000
281474976710655.000000	25.455395	645	0.000000
281474976710655.000000	25.793032	646	0.000000
281474976710655.000000	27.803106	647	0.000000
281474976710655.000000	29.232288	648	0.000000
281474976710655.000000	29.025658	649	0.000000
281474976710655.000000	24.707829	650	0.000000
281474976710655.000000	27.085983	651	0.000000
281474976710655.000000	23.250116	652	0.000000
281474976710655.000000	27.555403	653	0.000000
281474976710655.000000	31.045666	654	0.000000
281474976710655.000000	26.932453	655	0.000000
281474976710655.000000	24.467611	656	0.000000
281474976710655.000000	28.083437	657	0.000000
281474976710655.000000	28.364923	658	0.000000
281474976710655.000000	27.484438	659	0.000000
281474976710655.000000	25.362120	660	0.000000
281474976710655.000000	26.829020	661	0.000000
281474976710655.000000	29.863125	662	0.000000
281474976710655.000000	25.084291	663	0.000000
281474976710655.000000	27.753855	664	0.000000
281474976710655.000000	29.236654	665	0.000000
281474976710655.000000	27.789690	666	0.000000
281474976710655.000000	26.455721	667	0.000000
281474976710655.000000	27.134918	668	0.000000
281474976710655.000000	25.136126	669	0.000000
281474976710655.000000	25.414095	670	0.000000
281474976710655.000000	25.948612	671	0.000000
281474976710655.000000	26.828226	672	0.000000
281474976710655.000000	23.732080	673	0.000000
281474976710655.000000	25.523211	674	0.000000
281474976710655.000000	24.821270	675	0.000000
281474976710655.000000	27.506535	676	0.000000
281474976710655.000000	25.745489	677	0.000000
281474976710655.000000	26.291864	678	0.000000
281474976710655.000000	25.893345	679	0.000000
281474976710655.000000	26.106344	680	0.000000
281474976710655.000000	26.064466	681	0.000000
281474976710655.000000	23.476408	682	0.000000
281474976710655.000000	26.956152	683	0.000000
281474976710655.000000	26.956118	684	0.000000
281474976710655.000000	26.192940	685	0.000000
281474976710655.000000	23.610849	686	0.000000
281474976710655.000000	23.263500	687	0.000000
281474976710655.000000	28.144255	688	0.000000
281474976710655.000000	26.240660	689	0.000000
281474976710655.000000	26.473637	690	0.000000
281474976710655.000000	23.429266	691	0.000000
281474976710655.000000	24.238417	692	0.000000
281474976710655.000000	26.172199	693	0.000000
281474976710655.000000	27.818377	694	0.000000
281474976710655.000000	23.312450	695	0.000000
281474976710655.000000	26.455563	696	0.000000
281474976710655.000000	24.991762	697	0.000000
281474976710655.000000	24.379126	698	0.000000
281474976710655.000000	21.890522	699	0.000000
281474976710655.000000	25.500298	700	0.000000
281474976710655.000000	24.947239	701	0.000000
281474976710655.000000	27.696415	702	0.000000
281474976710655.000000	25.681816	703	0.000000
281474976710655.000000	25.838472	704	0.000000
281474976710655.000000	26.009937	705	0.000000
281474976710655.000000	24.850843	706	0.000000
281474976710655.000000	24.201515	707	0.000000
281474976710655.000000	23.145597	708	0.000000
281474976710655.000000	28.992582	709	0.000000
281474976710655.000000	25.221529	710	0.000000
281474976710655.000000	26.315588	711	0.000000
281474976710655.000000	26.101282	712	0.000000
281474976710655.000000	26.241190	713	0.000000
281474976710655.000000	24.705164	714	0.000000
281474976710655.000000	28.202496	715	0.000000
281474976710655.000000	23.137581	716	0.000000
281474976710655.000000	26.249256	717	0.000000
281474976710655.000000	25.510803	718	0.000000
281474976710655.000000	24.984047	719	0.000000
281474976710655.000000	25.425804	720	0.000000
281474976710655.000000	23.637058	721	0.000000
281474976710655.000000	26.476530	722	0.000000
281474976710655.000000	25.616783	723	0.000000
281474976710655.000000	26.730591	724	0.000000
281474976710655.000000	27.847612	725	0.000000
281474976710655.000000	27.036655	726	0.000000
281474976710655.000000	24.803356	727	0.000000
281474976710655.000000	22.569508	728	0.000000
281474976710655.000000	25.073887	729	0.000000
281474976710655.000000	23.734816	730	0.000000
281474976710655.000000	25.826946	731	0.000000
281474976710655.000000	26.635487	732	0.000000
281474976710655.000000	24.543251	733	0.000000
281474976710655.000000	21.600286	734	0.000000
281474976710655.000000	24.517603	735	0.000000
281474976710655.000000	26.686058	736	0.000000
281474976710655.000000	24.363884	737	0.000000
281474976710655.000000	26.779221	738	0.000000
281474976710655.000000	25.062469	739	0.000000
281474976710655.000000	23.973309	740	0.000000
281474976710655.000000	24.994780	741	0.000000
281474976710655.000000	25.061066	742	0.000000
281474976710655.000000	28.006874	743	0.000000
281474976710655.000000	25.518732	744	0.000000
281474976710655.000000	24.146400	745	0.000000
281474976710655.000000	22.089935	746	0.000000
281474976710655.000000	22.029655	747	0.000000
281474976710655.000000	25.786089	748	0.000000
281474976710655.000000	24.382385	749	0.000000
281474976710655.000000	25.883093	750	0.000000
281474976710655.000000	23.929478	751	0.000000
281474976710655.000000	23.106461	752	0.000000
281474976710655.000000	24.432808	753	0.000000
281474976710655.000000	24.974457	754	0.000000
281474976710655.000000	24.655579	755	0.000000
281474976710655.000000	21.824112	756	0.000000
281474976710655.000000	23.861570	757	0.000000
281474976710655.000000	23.423904	758	0.000000
281474976710655.000000	24.174454	759	0.000000
281474976710655.000000	24.566381	760	0.000000
281474976710655.000000	24.041304	761	0.000000
281474976710655.000000	24.207058	762	0.000000
281474976710655.000000	23.699320	763	0.000000
281474976710655.000000	21.447485	764	0.000000
281474976710655.000000	21.766439	765	0.000000
281474976710655.000000	23.599279	766	0.000000
281474976710655.000000	25.124870	767	0.000000
281474976710655.000000	24.437616	768	0.000000
281474976710655.000000	21.309841	769	0.000000
281474976710655.000000	23.723070	770	0.000000
281474976710655.000000	24.954954	771	0.000000
281474976710655.000000	23.385065	772	0.000000
281474976710655.000000	19.983616	773	0.000000
281474976710655.000000	23.405556	774	0.000000
281474976710655.000000	22.966726	775	0.000000
281474976710655.000000	22.409515	776	0.000000
281474976710655.000000	23.881021	777	0.000000
281474976710655.000000	24.513184	778	0.000000
281474976710655.000000	23.166504	779	0.000000
281474976710655.000000	25.437910	780	0.000000
281474976710655.000000	25.153337	781	0.000000
281474976710655.000000	22.157290	782	0.000000
281474976710655.000000	21.817163	783	0.000000
281474976710655.000000	23.244404	784	0.000000
281474976710655.000000	23.453770	785	0.000000
281474976710655.000000	24.371037	786	0.000000
281474976710655.000000	23.397974	787	0.000000
281474976710655.000000	23.496346	788	0.000000
281474976710655.000000	23.772095	789	0.000000
281474976710655.000000	22.954802	790	0.000000
281474976710655.000000	22.282419	791	0.000000
281474976710655.000000	22.927202	792	0.000000
281474976710655.000000	23.788372	793	0.000000
281474976710655.000000	22.770119	794	0.000000
281474976710655.000000	20.787973	795	0.000000
281474976710655.000000	22.568037	796	0.000000
281474976710655.000000	22.702333	797	0.000000
281474976710655.000000	22.731350	798	0.000000
281474976710655.000000	20.522955	799	0.000000
281474976710655.000000	23.148920	800	0.000000
281474976710655.000000	21.596514	801	0.000000
281474976710655.000000	24.477880	802	0.000000
281474976710655.000000	20.359245	803	0.000000
281474976710655.000000	24.458166	804	0.000000
281474976710655.000000	22.836123	805	0.000000
281474976710655.000000	21.715090	806	0.000000
281474976710655.000000	22.029631	807	0.000000
281474976710655.000000	21.527069	808	0.000000
281474976710655.000000	21.704546	809	0.000000
281474976710655.000000	21.413422	810	0.000000
281474976710655.000000	22.253027	811	0.000000
281474976710655.000000	23.510546	812	0.000000
281474976710655.000000	21.437059	813	0.000000
281474976710655.000000	20.400703	814	0.000000
281474976710655.000000	22.718061	815	0.000000
281474976710655.000000	24.123058	816	0.000000
281474976710655.000000	21.506805	817	0.000000
281474976710655.000000	21.184425	818	0.000000
281474976710655.000000	21.277697	819	0.000000
281474976710655.000000	23.283907	820	0.000000
281474976710655.000000	20.838434	821	0.000000
281474976710655.000000	22.855112	822	0.000000
281474976710655.000000	23.619162	823	0.000000
281474976710655.000000	20.393419	824	0.000000
281474976710655.000000	21.166689	825	0.000000
281474976710655.000000	23.240374	826	0.000000
281474976710655.000000	23.394646	827	0.000000
281474976710655.000000	21.292114	828	0.000000
281474976710655.000000	20.671455	829	0.000000
281474976710655.000000	22.613274	830	0.000000
281474976710655.000000	22.430199	831	0.000000
281474976710655.000000	22.160730	832	0.000000
281474976710655.000000	20.428606	833	0.000000
281474976710655.000000	20.189384	834	0.000000
281474976710655.000000	21.373613	835	0.000000
281474976710655.000000	20.542747	836	0.000000
281474976710655.000000	20.987165	837	0.000000
281474976710655.000000	21.877554	838	0.000000
281474976710655.000000	21.631073	839	0.000000
281474976710655.000000	20.435162	840	0.000000
281474976710655.000000	21.142033	841	0.000000
281474976710655.000000	20.690527	842	0.000000
281474976710655.000000	21.713562	843	0.000000
281474976710655.000000	23.334538	844	0.000000
281474976710655.000000	20.268236	845	0.000000
281474976710655.000000	20.512247	846	0.000000
281474976710655.000000	21.473450	847	0.000000
281474976710655.000000	22.470581	848	0.000000
281474976710655.000000	22.048656	849	0.000000
281474976710655.000000	21.311529	850	0.000000
281474976710655.000000	21.438099	851	0.000000
281474976710655.000000	20.831068	852	0.000000
281474976710655.000000	22.835243	853	0.000000
281474976710655.000000	21.809299	854	0.000000
281474976710655.000000	22.453138	855	0.000000
281474976710655.000000	21.691792	856	0.000000
281474976710655.000000	19.818521	857	0.000000
281474976710655.000000	21.125010	858	0.000000
281474976710655.000000	21.950579	859	0.000000
281474976710655.000000	22.015173	860	0.000000
281474976710655.000000	21.440701	861	0.000000
281474976710655.000000	21.384584	862	0.000000
281474976710655.000000	19.339634	863	0.000000
281474976710655.000000	21.958559	864	0.000000
281474976710655.000000	21.422239	865	0.000000
281474976710655.000000	22.439310	866	0.000000
281474976710655.000000	20.723650	867	0.000000
281474976710655.000000	21.431227	868	0.000000
281474976710655.000000	21.709379	869	0.000000
281474976710655.000000	20.590847	870	0.000000
281474976710655.000000	21.843365	871	0.000000
281474976710655.000000	21.837231	872	0.000000
281474976710655.000000	20.275497	873	0.000000
281474976710655.000000	20.545427	874	0.000000
281474976710655.000000	21.242325	875	0.000000
281474976710655.000000	21.748808	876	0.000000
281474976710655.000000	20.971659	877	0.000000
281474976710655.000000	20.283310	878	0.000000
281474976710655.000000	22.063360	879	0.000000
281474976710655.000000	21.510033	880	0.000000
281474976710655.000000	21.742903	881	0.000000
281474976710655.000000	20.743778	882	0.000000
281474976710655.000000	20.671167	883	0.000000
281474976710655.000000	18.897301	884	0.000000
281474976710655.000000	21.014017	885	0.000000
281474976710655.000000	21.447548	886	0.000000
281474976710655.000000	19.726282	887	0.000000
281474976710655.000000	20.701965	888	0.000000
281474976710655.000000	21.545061	889	0.000000
281474976710655.000000	19.491982	890	0.000000
281474976710655.000000	21.115843	891	0.000000
281474976710655.000000	20.090731	892	0.000000
281474976710655.000000	21.059303	893	0.000000
281474976710655.000000	21.431049	894	0.000000
281474976710655.000000	20.375441	895	0.000000
281474976710655.000000	19.941488	896	0.000000
281474976710655.000000	20.080412	897	0.000000
281474976710655.000000	20.610802	898	0.000000
281474976710655.000000	20.512817	899	0.000000
281474976710655.000000	19.394314	900	0.000000
281474976710655.000000	19.699438	901	0.000000
281474976710655.000000	20.306772	902	0.000000
281474976710655.000000	20.593906	903	0.000000
281474976710655.000000	20.368307	904	0.000000
281474976710655.000000	19.691843	905	0.000000
281474976710655.000000	19.759953	906	0.000000
281474976710655.000000	20.002243	907	0.000000
281474976710655.000000	20.768801	908	0.000000
281474976710655.000000	19.183157	909	0.000000
281474976710655.000000	19.427540	910	0.000000
281474976710655.000000	21.725487	911	0.000000
281474976710655.000000	20.581234	912	0.000000
281474976710655.000000	18.995842	913	0.000000
281474976710655.000000	19.613049	914	0.000000
281474976710655.000000	19.505957	915	0.000000
281474976710655.000000	20.409906	916	0.000000
281474976710655.000000	20.957582	917	0.000000
281474976710655.000000	20.956316	918	0.000000
281474976710655.000000	19.448654	919	0.000000
281474976710655.000000	18.932384	920	0.000000
281474976710655.000000	19.423725	921	0.000000
281474976710655.000000	19.780752	922	0.000000
281474976710655.000000	19.252802	923	0.000000
281474976710655.000000	19.754379	924	0.000000
281474976710655.000000	19.866289	925	0.000000
281474976710655.000000	19.560993	926	0.000000
281474976710655.000000	19.538477	927	0.000000
281474976710655.000000	20.875542	928	0.000000
281474976710655.000000	18.883497	929	0.000000
281474976710655.000000	19.505896	930	0.000000
281474976710655.000000	19.381559	931	0.000000
281474976710655.000000	19.924664	932	0.000000
281474976710655.000000	18.602144	933	0.000000
281474976710655.000000	18.485382	934	0.000000
281474976710655.000000	19.138218	935	0.000000
281474976710655.000000	19.906475	936	0.000000
281474976710655.000000	19.281939	937	0.000000
281474976710655.000000	19.096994	938	0.000000
281474976710655.000000	19.810129	939	0.000000
281474976710655.000000	20.199961	940	0.000000
281474976710655.000000	18.790474	941	0.000000
281474976710655.000000	18.937939	942	0.000000
281474976710655.000000	19.315741	943	0.000000
281474976710655.000000	18.818861	944	0.000000
281474976710655.000000	19.426567	945	0.000000
281474976710655.000000	19.148848	946	0.000000
281474976710655.000000	19.255327	947	0.000000
281474976710655.000000	18.754421	948	0.000000
281474976710655.000000	19.694830	949	0.000000
281474976710655.000000	19.154415	950	0.000000
281474976710655.000000	19.171450	951	0.000000
281474976710655.000000	19.045235	952	0.000000
281474976710655.000000	18.675837	953	0.000000
281474976710655.000000	18.996782	954	0.000000
281474976710655.000000	19.757269	955	0.000000
281474976710655.000000	19.140305	956	0.000000
281474976710655.000000	18.884882	957	0.000000
281474976710655.000000	19.114857	958	0.000000
281474976710655.000000	19.177166	959	0.000000
281474976710655.000000	19.607567	960	0.000000
281474976710655.000000	18.672897	961	0.000000
281474976710655.000000	18.773314	962	0.000000
281474976710655.000000	18.372831	963	0.000000
281474976710655.000000	19.117874	964	0.000000
281474976710655.000000	18.960665	965	0.000000
281474976710655.000000	18.269838	966	0.000000
281474976710655.000000	18.412106	967	0.000000
281474976710655.000000	18.731628	968	0.000000
281474976710655.000000	18.945717	969	0.000000
281474976710655.000000	18.141445	970	0.000000
281474976710655.000000	18.544178	971	0.000000
281474976710655.000000	17.732256	972	0.000000
281474976710655.000000	18.666374	973	0.000000
281474976710655.000000	18.735777	974	0.000000
281474976710655.000000	18.530849	975	0.000000
281474976710655.000000	18.214125	976	0.000000
281474976710655.000000	18.418608	977	0.000000
281474976710655.000000	19.057220	978	0.000000
281474976710655.000000	18.213310	979	0.000000
281474976710655.000000	18.248369	980	0.000000
281474976710655.000000	18.246565	981	0.000000
281474976710655.000000	19.172533	982	0.000000
281474976710655.000000	18.560633	983	0.000000
281474976710655.000000	18.598860	984	0.000000
281474976710655.000000	18.803593	985	0.000000
281474976710655.000000	19.045078	986	0.000000
281474976710655.000000	18.035692	987	0.000000
281474976710655.000000	17.972198	988	0.000000
281474976710655.000000	18.640333	989	0.000000
281474976710655.000000	17.939671	990	0.000000
281474976710655.000000	18.241777	991	0.000000
281474976710655.000000	18.047853	992	0.000000
281474976710655.000000	18.353275	993	0.000000
281474976710655.000000	19.224031	994	0.000000
281474976710655.000000	17.847685	995	0.000000
281474976710655.000000	17.895952	996	0.000000
281474976710655.000000	18.063768	997	0.000000
281474976710655.000000	17.954048	998	0.000000
281474976710655.000000	17.899420	999	0.000000
281474976710655.000000	17.982622	1000	0.000000
281474976710655.000000	18.248110	1001	0.000000
281474976710655.000000	17.528828	1002	0.000000
281474976710655.000000	17.524496	1003	0.000000
281474976710655.000000	17.425495	1004	0.000000
281474976710655.000000	17.614176	1005	0.000000
281474976710655.000000	18.024918	1006	0.000000
281474976710655.000000	17.709366	1007	0.000000
281474976710655.000000	17.680111	1008	0.000000
281474976710655.000000	17.439320	1009	0.000000
281474976710655.000000	17.939531	1010	0.000000
281474976710655.000000	18.142017	1011	0.000000
281474976710655.000000	18.077950	1012	0.000000
281474976710655.000000	18.047594	1013	0.000000
281474976710655.000000	17.914431	1014	0.000000
281474976710655.000000	17.652922	1015	0.000000
281474976710655.000000	17.970736	1016	0.000000
281474976710655.000000	17.683840	1017	0.000000
281474976710655.000000	17.667774	1018	0.000000
281474976710655.000000	17.742487	1019	0.000000
281474976710655.000000	17.921509	1020	0.000000
281474976710655.000000	17.765718	1021	0.000000
281474976710655.000000	17.674753	1022	0.000000
281474976710655.000000	17.407528	1023	0.000000
281474976710655.000000	17.267706	1024	0.000000
281474976710655.000000	17.441614	1025	0.000000
281474976710655.000000	17.648788	1026	0.000000
281474976710655.000000	17.480791	1027	0.000000
281474976710655.000000	17.491043	1028	0.000000
281474976710655.000000	17.339739	1029	0.000000
281474976710655.000000	17.479731	1030	0.000000
281474976710655.000000	17.241127	1031	0.000000
281474976710655.000000	17.181923	1032	0.000000
281474976710655.000000	17.060713	1033	0.000000
281474976710655.000000	17.233051	1034	0.000000
281474976710655.000000	17.084799	1035	0.000000
281474976710655.000000	17.093824	1036	0.000000
281474976710655.000000	17.006775	1037	0.000000
281474976710655.000000	17.385685	1038	0.000000
281474976710655.000000	17.459627	1039	0.000000
281474976710655.000000	17.076990	1040	0.000000
281474976710655.000000	17.329727	1041	0.000000
281474976710655.000000	17.285177	1042	0.000000
281474976710655.000000	16.962637	1043	0.000000
281474976710655.000000	16.507133	1044	0.000000
281474976710655.000000	17.084465	1045	0.000000
281474976710655.000000	17.355177	1046	0.000000
281474976710655.000000	17.054245	1047	0.000000
281474976710655.000000	17.057100	1048	0.000000
281474976710655.000000	17.179281	1049	0.000000
281474976710655.000000	17.213602	1050	0.000000
281474976710655.000000	16.834864	1051	0.000000
281474976710655.000000	16.728552	1052	0.000000
281474976710655.000000	17.311295	1053	0.000000
281474976710655.000000	16.961988	1054	0.000000
281474976710655.000000	16.889162	1055	0.000000
281474976710655.000000	16.741756	1056	0.000000
281474976710655.000000	17.032070	1057	0.000000
281474976710655.000000	16.691889	1058	0.000000
281474976710655.000000	17.148224	1059	0.000000
281474976710655.000000	17.006836	1060	0.000000
281474976710655.000000	16.820841	1061	0.000000
281474976710655.000000	16.947571	1062	0.000000
281474976710655.000000	16.734055	1063	0.000000
281474976710655.000000	16.919170	1064	0.000000
281474976710655.000000	17.152655	1065	0.000000
281474976710655.000000	16.574539	1066	0.000000
281474976710655.000000	16.573622	1067	0.000000
281474976710655.000000	17.039345	1068	0.000000
281474976710655.000000	16.740429	1069	0.000000
281474976710655.000000	16.806259	1070	0.000000
281474976710655.000000	16.452682	1071	0.000000
281474976710655.000000	16.460882	1072	0.000000
281474976710655.000000	16.504223	1073	0.000000
281474976710655.000000	16.455523	1074	0.000000
281474976710655.000000	16.438623	1075	0.000000
281474976710655.000000	16.610390	1076	0.000000
281474976710655.000000	16.369595	1077	0.000000
281474976710655.000000	16.684437	1078	0.000000
281474976710655.000000	16.475567	1079	0.000000
281474976710655.000000	16.195858	1080	0.000000
281474976710655.000000	16.808355	1081	0.000000
281474976710655.000000	16.513353	1082	0.000000
281474976710655.000000	16.248489	1083	0.000000
281474976710655.000000	16.288652	1084	0.000000
281474976710655.000000	16.151829	1085	0.000000
281474976710655.000000	17.041773	1086	0.000000
281474976710655.000000	16.335712	1087	0.000000
281474976710655.000000	16.665449	1088	0.000000
281474976710655.000000	16.412439	1089	0.000000
281474976710655.000000	16.346912	1090	0.000000
281474976710655.000000	16.242298	1091	0.000000
281474976710655.000000	16.217222	1092	0.000000
281474976710655.000000	15.907475	1093	0.000000
281474976710655.000000	16.267673	1094	0.000000
281474976710655.000000	16.125092	1095	0.000000
281474976710655.000000	16.435478	1096	0.000000
281474976710655.000000	16.163414	1097	0.000000
281474976710655.000000	16.394339	1098	0.000000
281474976710655.000000	16.388700	1099	0.000000
281474976710655.000000	15.962585	1100	0.000000
281474976710655.000000	15.964513	1101	0.000000
281474976710655.000000	16.013720	1102	0.000000
281474976710655.000000	16.152950	1103	0.000000
281474976710655.000000	16.099558	1104	0.000000
281474976710655.000000	16.003809	1105	0.000000
281474976710655.000000	16.027653	1106	0.000000
281474976710655.000000	15.819106	1107	0.000000
281474976710655.000000	16.010403	1108	0.000000
281474976710655.000000	15.928006	1109	0.000000
281474976710655.000000	15.708853	1110	0.000000
281474976710655.000000	15.683212	1111	0.000000
281474976710655.000000	16.029339	1112	0.000000
281474976710655.000000	15.887006	1113	0.000000
281474976710655.000000	15.739753	1114	0.000000
281474976710655.000000	15.872556	1115	0.000000
281474976710655.000000	15.727887	1116	0.000000
281474976710655.000000	15.799335	1117	0.000000
281474976710655.000000	15.855152	1118	0.000000
281474976710655.000000	15.771197	1119	0.000000
281474976710655.000000	15.607970	1120	0.000000
281474976710655.000000	15.728657	1121	0.000000
281474976710655.000000	15.747858	1122	0.000000
281474976710655.000000	15.429226	1123	0.000000
281474976710655.000000	15.677662	1124	0.000000
281474976710655.000000	15.406796	1125	0.000000
281474976710655.000000	15.479209	1126	0.000000
281474976710655.000000	15.374986	1127	0.000000
281474976710655.000000	15.542734	1128	0.000000
281474976710655.000000	15.563568	1129	0.000000
281474976710655.000000	15.419941	1130	0.000000
281474976710655.000000	15.871739	1131	0.000000
281474976710655.000000	15.626345	1132	0.000000
281474976710655.000000	15.751971	1133	0.000000
281474976710655.000000	15.552225	1134	0.000000
281474976710655.000000	15.212878	1135	0.000000
281474976710655.000000	15.823266	1136	0.000000
281474976710655.000000	15.805198	1137	0.000000
281474976710655.000000	15.808971	1138	0.000000
281474976710655.000000	15.366363	1139	0.000000
281474976710655.000000	15.064599	1140	0.000000
281474976710655.000000	15.668656	1141	0.000000
281474976710655.000000	15.426551	1142	0.000000
281474976710655.000000	15.107473	1143	0.000000
281474976710655.000000	14.915552	1144	0.000000
281474976710655.000000	15.121436	1145	0.000000
281474976710655.000000	15.178280	1146	0.000000
281474976710655.000000	14.938650	1147	0.000000
281474976710655.000000	15.372787	1148	0.000000
281474976710655.000000	15.409701	1149	0.000000
281474976710655.000000	15.435246	1150	0.000000
281474976710655.000000	14.806295	1151	0.000000
281474976710655.000000	15.317780	1152	0.000000
281474976710655.000000	15.083593	1153	0.000000
281474976710655.000000	15.265192	1154	0.000000
281474976710655.000000	14.865863	1155	0.000000
281474976710655.000000	15.091497	1156	0.000000
281474976710655.000000	15.288867	1157	0.000000
281474976710655.000000	14.891250	1158	0.000000
281474976710655.000000	14.848527	1159	0.000000
281474976710655.000000	15.192720	1160	0.000000
281474976710655.000000	14.869336	1161	0.000000
281474976710655.000000	14.815418	1162	0.000000
281474976710655.000000	14.692035	1163	0.000000
281474976710655.000000	15.001418	1164	0.000000
281474976710655.000000	14.703607	1165	0.000000
281474976710655.000000	15.634650	1166	0.000000
281474976710655.000000	15.203084	1167	0.000000
281474976710655.000000	14.715853	1168	0.000000
281474976710655.000000	14.594204	1169	0.000000
281474976710655.000000	14.943110	1170	0.000000
281474976710655.000000	15.196761	1171	0.000000
281474976710655.000000	14.677175	1172	0.000000
281474976710655.000000	14.645617	1173	0.000000
281474976710655.000000	14.954819	1174	0.000000
281474976710655.000000	15.043336	1175	0.000000
281474976710655.000000	14.610568	1176	0.000000
281474976710655.000000	15.346048	1177	0.000000
281474976710655.000000	15.119076	1178	0.000000
281474976710655.000000	14.937145	1179	0.000000
281474976710655.000000	14.481670	1180	0.000000
281474976710655.000000	14.492758	1181	0.000000
281474976710655.000000	14.531566	1182	0.000000
281474976710655.000000	14.476347	1183	0.000000
281474976710655.000000	14.880861	1184	0.000000
281474976710655.000000	14.468101	1185	0.000000
281474976710655.000000	14.464602	1186	0.000000
281474976710655.000000	14.584478	1187	0.000000
281474976710655.000000	14.976805	1188	0.000000
281474976710655.000000	14.435224	1189	0.000000
281474976710655.000000	14.737684	1190	0.000000
281474976710655.000000	14.184902	1191	0.000000
281474976710655.000000	14.521554	1192	0.000000
281474976710655.000000	14.674637	1193	0.000000
281474976710655.000000	14.662599	1194	0.000000
281474976710655.000000	14.206630	1195	0.000000
281474976710655.000000	14.119757	1196	0.000000
281474976710655.000000	14.485353	1197	0.000000
281474976710655.000000	14.259987	1198	0.000000
281474976710655.000000	14.452540	1199	0.000000
281474976710655.000000	14.178939	1200	0.000000
281474976710655.000000	14.696709	1201	0.000000
281474976710655.000000	14.664449	1202	0.000000
281474976710655.000000	13.893903	1203	0.000000
281474976710655.000000	14.083428	1204	0.000000
281474976710655.000000	14.101103	1205	0.000000
281474976710655.000000	14.464763	1206	0.000000
281474976710655.000000	14.646677	1207	0.000000
281474976710655.000000	14.121614	1208	0.000000
281474976710655.000000	14.241019	1209	0.000000
281474976710655.000000	14.344856	1210	0.000000
281474976710655.000000	14.211226	1211	0.000000
281474976710655.000000	14.542674	1212	0.000000
281474976710655.000000	14.145597	1213	0.000000
281474976710655.000000	14.270483	1214	0.000000
281474976710655.000000	13.949776	1215	0.000000
281474976710655.000000	13.817519	1216	0.000000
281474976710655.000000	13.958841	1217	0.000000
281474976710655.000000	14.264435	1218	0.000000
281474976710655.000000	14.143929	1219	0.000000
281474976710655.000000	14.550016	1220	0.000000
281474976710655.000000	13.836725	1221	0.000000
281474976710655.000000	13.831652	1222	0.000000
281474976710655.000000	13.594344	1223	0.000000
281474976710655.000000	14.334328	1224	0.000000
281474976710655.000000	13.953934	1225	0.000000
281474976710655.000000	13.831225	1226	0.000000
281474976710655.000000	14.086167	1227	0.000000
281474976710655.000000	13.722187	1228	0.000000
281474976710655.000000	14.142754	1229	0.000000
281474976710655.000000	13.804126	1230	0.000000
281474976710655.000000	13.791439	1231	0.000000
281474976710655.000000	13.888851	1232	0.000000
281474976710655.000000	14.057837	1233	0.000000
281474976710655.000000	13.585164	1234	0.000000
281474976710655.000000	13.726912	1235	0.000000
281474976710655.000000	13.674076	1236	0.000000
281474976710655.000000	13.545966	1237	0.000000
281474976710655.000000	13.908741	1238	0.000000
281474976710655.000000	13.946481	1239	0.000000
281474976710655.000000	13.449771	1240	0.000000
281474976710655.000000	14.011642	1241	0.000000
281474976710655.000000	14.191831	1242	0.000000
281474976710655.000000	13.692076	1243	0.000000
281474976710655.000000	13.597219	1244	0.000000
281474976710655.000000	13.785994	1245	0.000000
281474976710655.000000	13.917474	1246	0.000000
281474976710655.000000	13.366752	1247	0.000000
281474976710655.000000	13.372077	1248	0.000000
281474976710655.000000	13.423186	1249	0.000000
281474976710655.000000	13.470684	1250	0.000000
281474976710655.000000	13.238243	1251	0.000000
281474976710655.000000	13.152827	1252	0.000000
281474976710655.000000	13.469401	1253	0.000000
281474976710655.000000	13.391153	1254	0.000000
281474976710655.000000	13.790130	1255	0.000000
281474976710655.000000	13.372242	1256	0.000000
281474976710655.000000	13.174353	1257	0.000000
281474976710655.000000	13.911665	1258	0.000000
281474976710655.000000	13.964077	1259	0.000000
281474976710655.000000	13.283263	1260	0.000000
281474976710655.000000	13.016943	1261	0.000000
281474976710655.000000	13.471103	1262	0.000000
281474976710655.000000	13.536570	1263	0.000000
281474976710655.000000	13.045314	1264	0.000000
281474976710655.000000	13.006335	1265	0.000000
281474976710655.000000	13.087440	1266	0.000000
281474976710655.000000	12.983504	1267	0.000000
281474976710655.000000	13.454088	1268	0.000000
281474976710655.000000	13.318333	1269	0.000000
281474976710655.000000	13.547688	1270	0.000000
281474976710655.000000	13.229461	1271	0.000000
281474976710655.000000	13.096114	1272	0.000000
281474976710655.000000	12.959970	1273	0.000000
281474976710655.000000	13.351088	1274	0.000000
281474976710655.000000	13.400148	1275	0.000000
281474976710655.000000	13.383201	1276	0.000000
281474976710655.000000	13.597125	1277	0.000000
281474976710655.000000	13.469888	1278	0.000000
281474976710655.000000	13.386817	1279	0.000000
281474976710655.000000	13.107734	1280	0.000000
281474976710655.000000	13.266684	1281	0.000000
281474976710655.000000	13.135264	1282	0.000000
281474976710655.000000	13.291629	1283	0.000000
281474976710655.000000	13.088727	1284	0.000000
281474976710655.000000	13.249526	1285	0.000000
281474976710655.000000	13.315022	1286	0.000000
281474976710655.000000	13.356686	1287	0.000000
281474976710655.000000	13.217681	1288	0.000000
281474976710655.000000	12.969527	1289	0.000000
281474976710655.000000	12.792006	1290	0.000000
281474976710655.000000	12.759505	1291	0.000000
281474976710655.000000	13.174780	1292	0.000000
281474976710655.000000	12.911767	1293	0.000000
281474976710655.000000	12.835335	1294	0.000000
281474976710655.000000	12.699648	1295	0.000000
281474976710655.000000	13.108511	1296	0.000000
281474976710655.000000	12.898476	1297	0.000000
281474976710655.000000	13.064101	1298	0.000000
281474976710655.000000	13.085811	1299	0.000000
281474976710655.000000	13.200474	1300	0.000000
281474976710655.000000	12.939933	1301	0.000000
281474976710655.000000	12.710296	1302	0.000000
281474976710655.000000	12.784272	1303	0.000000
281474976710655.000000	12.956119	1304	0.000000
281474976710655.000000	12.538599	1305	0.000000
281474976710655.000000	12.650199	1306	0.000000
281474976710655.000000	12.856260	1307	0.000000
281474976710655.000000	12.807215	1308	0.000000
281474976710655.000000	12.921722	1309	0.000000
281474976710655.000000	12.683593	1310	0.000000
281474976710655.000000	13.038907	1311	0.000000
281474976710655.000000	12.755885	1312	0.000000
281474976710655.000000	13.126045	1313	0.000000
281474976710655.000000	12.325579	1314	0.000000
281474976710655.000000	12.671072	1315	0.000000
281474976710655.000000	12.723653	1316	0.000000
281474976710655.000000	12.451296	1317	0.000000
281474976710655.000000	12.346972	1318	0.000000
281474976710655.000000	12.767182	1319	0.000000
281474976710655.000000	12.766173	1320	0.000000
281474976710655.000000	12.644152	1321	0.000000
281474976710655.000000	12.632379	1322	0.000000
281474976710655.000000	12.599127	1323	0.000000
281474976710655.000000	12.997578	1324	0.000000
281474976710655.000000	12.570230	1325	0.000000
281474976710655.000000	12.828557	1326	0.000000
281474976710655.000000	12.265775	1327	0.000000
281474976710655.000000	12.527295	1328	0.000000
281474976710655.000000	12.497139	1329	0.000000
281474976710655.000000	12.490269	1330	0.000000
281474976710655.000000	12.072834	1331	0.000000
281474976710655.000000	12.353813	1332	0.000000
281474976710655.000000	12.381970	1333	0.000000
281474976710655.000000	12.394962	1334	0.000000
281474976710655.000000	12.518962	1335	0.000000
281474976710655.000000	12.364524	1336	0.000000
281474976710655.000000	11.895892	1337	0.000000
281474976710655.000000	12.070946	1338	0.000000
281474976710655.000000	12.228024	1339	0.000000
281474976710655.000000	12.214509	1340	0.000000
281474976710655.000000	12.136720	1341	0.000000
281474976710655.000000	12.342910	1342	0.000000
281474976710655.000000	12.310257	1343	0.000000
281474976710655.000000	12.173359	1344	0.000000
281474976710655.000000	12.451661	1345	0.000000
281474976710655.000000	12.276674	1346	0.000000
281474976710655.000000	12.171982	1347	0.000000
281474976710655.000000	12.249693	1348	0.000000
281474976710655.000000	12.369945	1349	0.000000
281474976710655.000000	12.159044	1350	0.000000
281474976710655.000000	12.371102	1351	0.000000
281474976710655.000000	12.203058	1352	0.000000
281474976710655.000000	11.861322	1353	0.000000
281474976710655.000000	12.299484	1354	0.000000
281474976710655.000000	12.159430	1355	0.000000
281474976710655.000000	11.894265	1356	0.000000
281474976710655.000000	11.946821	1357	0.000000
281474976710655.000000	12.007335	1358	0.000000
281474976710655.000000	11.977186	1359	0.000000
281474976710655.000000	12.310265	1360	0.000000
281474976710655.000000	12.286371	1361	0.000000
281474976710655.000000	11.855562	1362	0.000000
281474976710655.000000	11.785853	1363	0.000000
281474976710655.000000	12.284911	1364	0.000000
281474976710655.000000	11.940971	1365	0.000000
281474976710655.000000	12.058759	1366	0.000000
281474976710655.000000	11.793813	1367	0.000000
281474976710655.000000	12.209942	1368	0.000000
281474976710655.000000	12.009983	1369	0.000000
281474976710655.000000	11.918516	1370	0.000000
281474976710655.000000	11.884079	1371	0.000000
281474976710655.000000	11.610365	1372	0.000000
281474976710655.000000	11.786572	1373	0.000000
281474976710655.000000	11.990100	1374	0.000000
281474976710655.000000	11.801630	1375	0.000000
281474976710655.000000	11.978206	1376	0.000000
281474976710655.000000	11.791705	1377	0.000000
281474976710655.000000	11.966438	1378	0.000000
281474976710655.000000	11.715518	1379	0.000000
281474976710655.000000	11.951631	1380	0.000000
281474976710655.000000	11.657135	1381	0.000000
281474976710655.000000	11.912617	1382	0.000000
281474976710655.000000	11.565902	1383	0.000000
281474976710655.000000	11.640493	1384	0.000000
281474976710655.000000	11.602078	1385	0.000000
281474976710655.000000	11.693139	1386	0.000000
281474976710655.000000	11.689518	1387	0.000000
281474976710655.000000	11.850670	1388	0.000000
281474976710655.000000	11.706978	1389	0.000000
281474976710655.000000	11.528977	1390	0.000000
281474976710655.000000	11.540406	1391	0.000000
281474976710655.000000	11.606400	1392	0.000000
281474976710655.000000	11.605576	1393	0.000000
281474976710655.000000	11.693005	1394	0.000000
281474976710655.000000	11.558874	1395	0.000000
281474976710655.000000	11.603426	1396	0.000000
281474976710655.000000	11.662833	1397	0.000000
281474976710655.000000	11.638023	1398	0.000000
281474976710655.000000	11.413990	1399	0.000000
281474976710655.000000	11.607551	1400	0.000000
281474976710655.000000	11.319192	1401	0.000000
281474976710655.000000	11.275459	1402	0.000000
281474976710655.000000	11.343869	1403	0.000000
281474976710655.000000	11.630147	1404	0.000000
281474976710655.000000	11.515282	1405	0.000000
281474976710655.000000	11.150708	1406	0.000000
281474976710655.000000	11.400031	1407	0.000000
281474976710655.000000	11.569278	1408	0.000000
281474976710655.000000	11.312270	1409	0.000000
281474976710655.000000	11.440117	1410	0.000000
281474976710655.000000	11.351578	1411	0.000000
281474976710655.000000	11.440750	1412	0.000000
281474976710655.000000	11.396459	1413	0.000000
281474976710655.000000	11.339074	1414	0.000000
281474976710655.000000	11.012585	1415	0.000000
281474976710655.000000	11.346005	1416	0.000000
281474976710655.000000	11.352842	1417	0.000000
281474976710655.000000	11.383132	1418	0.000000
281474976710655.000000	11.166336	1419	0.000000
281474976710655.000000	11.124013	1420	0.000000
281474976710655.000000	11.228106	1421	0.000000
281474976710655.000000	11.317367	1422	0.000000
281474976710655.000000	11.150477	1423	0.000000
281474976710655.000000	11.173455	1424	0.000000
281474976710655.000000	11.295138	1425	0.000000
281474976710655.000000	11.084203	1426	0.000000
281474976710655.000000	11.008286	1427	0.000000
281474976710655.000000	11.081347	1428	0.000000
281474976710655.000000	11.271808	1429	0.000000
281474976710655.000000	11.260808	1430	0.000000
281474976710655.000000	11.133204	1431	0.000000
281474976710655.000000	11.111272	1432	0.000000
281474976710655.000000	11.037979	1433	0.000000
281474976710655.000000	11.054114	1434	0.000000
281474976710655.000000	10.980123	1435	0.000000
281474976710655.000000	11.055060	1436	0.000000
281474976710655.000000	10.988270	1437	0.000000
281474976710655.000000	11.055626	1438	0.000000
281474976710655.000000	10.952048	1439	0.000000
281474976710655.000000	11.029240	1440	0.000000
281474976710655.000000	10.983242	1441	0.000000
281474976710655.000000	11.027343	1442	0.000000
281474976710655.000000	10.940985	1443	0.000000
281474976710655.000000	10.990103	1444	0.000000
281474976710655.000000	10.939949	1445	0.000000
281474976710655.000000	10.998033	1446	0.000000
281474976710655.000000	10.811108	1447	0.000000
281474976710655.000000	10.932573	1448	0.000000
281474976710655.000000	11.039268	1449	0.000000
281474976710655.000000	10.816458	1450	0.000000
281474976710655.000000	10.768686	1451	0.000000
281474976710655.000000	10.935612	1452	0.000000
281474976710655.000000	10.824845	1453	0.000000
281474976710655.000000	10.863256	1454	0.000000
281474976710655.000000	10.924779	1455	0.000000
281474976710655.000000	10.842953	1456	0.000000
281474976710655.000000	10.793251	1457	0.000000
281474976710655.000000	10.914137	1458	0.000000
281474976710655.000000	10.662024	1459	0.000000
281474976710655.000000	10.905036	1460	0.000000
281474976710655.000000	10.799344	1461	0.000000
281474976710655.000000	10.822301	1462	0.000000
281474976710655.000000	10.644988	1463	0.000000
281474976710655.000000	10.556046	1464	0.000000
281474976710655.000000	10.701491	1465	0.000000
281474976710655.000000	10.722798	1466	0.000000
281474976710655.000000	10.755488	1467	0.000000
281474976710655.000000	10.730806	1468	0.000000
281474976710655.000000	10.794118	1469	0.000000
281474976710655.000000	10.599358	1470	0.000000
281474976710655.000000	10.460407	1471	0.000000
281474976710655.000000	10.609048	1472	0.000000
281474976710655.000000	10.514055	1473	0.000000
281474976710655.000000	10.581761	1474	0.000000
281474976710655.000000	10.542922	1475	0.000000
281474976710655.000000	10.626771	1476	0.000000
281474976710655.000000	10.528527	1477	0.000000
281474976710655.000000	10.536376	1478	0.000000
281474976710655.000000	10.516699	1479	0.000000
281474976710655.000000	10.456619	1480	0.000000
281474976710655.000000	10.374861	1481	0.000000
281474976710655.000000	10.566306	1482	0.000000
281474976710655.000000	10.409779	1483	0.000000
281474976710655.000000	10.514397	1484	0.000000
281474976710655.000000	10.574629	1485	0.000000
281474976710655.000000	10.375827	1486	0.000000
281474976710655.000000	10.527238	1487	0.000000
281474976710655.000000	10.483822	1488	0.000000
281474976710655.000000	10.400620	1489	0.000000
281474976710655.000000	10.449967	1490	0.000000
281474976710655.000000	10.488085	1491	0.000000
281474976710655.000000	10.296726	1492	0.000000
281474976710655.000000	10.228601	1493	0.000000
281474976710655.000000	10.510678	1494	0.000000
281474976710655.000000	10.305724	1495	0.000000
281474976710655.000000	10.262815	1496	0.000000
281474976710655.000000	10.337119	1497	0.000000
281474976710655.000000	10.296056	1498	0.000000
281474976710655.000000	10.263638	1499	0.000000
281474976710655.000000	10.333549	1500	0.000000
281474976710655.000000	10.287141	1501	0.000000
