crossing time (s)	slope (V/s)	crossing number
281474976710655.000000	45.497429	4108	0.000000
281474976710655.000000	58.955044	4109	0.000000
281474976710655.000000	54.689217	4110	0.000000
281474976710655.000000	54.104607	4111	0.000000
281474976710655.000000	54.642593	4112	0.000000
281474976710655.000000	72.784065	4113	0.000000
281474976710655.000000	27.644756	4114	0.000000
281474976710655.000000	53.463745	4115	0.000000
281474976710655.000000	41.712490	4116	0.000000
281474976710655.000000	71.931229	4117	0.000000
281474976710655.000000	44.470474	4118	0.000000
281474976710655.000000	54.595470	4119	0.000000
281474976710655.000000	53.225895	4120	0.000000
281474976710655.000000	53.491116	4121	0.000000
281474976710655.000000	53.329376	4122	0.000000
281474976710655.000000	53.218277	4123	0.000000
281474976710655.000000	40.439411	4124	0.000000
281474976710655.000000	43.840157	4125	0.000000
281474976710655.000000	70.674774	4126	0.000000
281474976710655.000000	51.381634	4127	0.000000
281474976710655.000000	53.394806	4128	0.000000
281474976710655.000000	71.931953	4129	0.000000
281474976710655.000000	52.586861	4130	0.000000
281474976710655.000000	53.008286	4131	0.000000
281474976710655.000000	41.161499	4132	0.000000
281474976710655.000000	40.627987	4133	0.000000
281474976710655.000000	56.244987	4134	0.000000
281474976710655.000000	70.841248	4135	0.000000
281474976710655.000000	105.237701	4136	0.000000
281474976710655.000000	52.264027	4137	0.000000
281474976710655.000000	51.654308	4138	0.000000
281474976710655.000000	57.632633	4139	0.000000
281474976710655.000000	52.006130	4140	0.000000
281474976710655.000000	51.704952	4141	0.000000
281474976710655.000000	51.344082	4142	0.000000
281474976710655.000000	49.933529	4143	0.000000
281474976710655.000000	80.056297	4144	0.000000
281474976710655.000000	69.413857	4145	0.000000
281474976710655.000000	51.484055	4146	0.000000
281474976710655.000000	42.716648	4147	0.000000
281474976710655.000000	56.561161	4148	0.000000
281474976710655.000000	49.919586	4149	0.000000
281474976710655.000000	69.347031	4150	0.000000
281474976710655.000000	51.422363	4151	0.000000
281474976710655.000000	51.253159	4152	0.000000
281474976710655.000000	42.709908	4153	0.000000
281474976710655.000000	39.329243	4154	0.000000
281474976710655.000000	39.841911	4155	0.000000
281474976710655.000000	79.281792	4156	0.000000
281474976710655.000000	39.044342	4157	0.000000
281474976710655.000000	42.192600	4158	0.000000
281474976710655.000000	39.004375	4159	0.000000
281474976710655.000000	50.246136	4160	0.000000
281474976710655.000000	50.408051	4161	0.000000
281474976710655.000000	42.065521	4162	0.000000
281474976710655.000000	67.296036	4163	0.000000
281474976710655.000000	50.293343	4164	0.000000
281474976710655.000000	67.332565	4165	0.000000
281474976710655.000000	79.033531	4166	0.000000
281474976710655.000000	54.090557	4167	0.000000
281474976710655.000000	41.764965	4168	0.000000
281474976710655.000000	48.853214	4169	0.000000
281474976710655.000000	49.526634	4170	0.000000
281474976710655.000000	50.237328	4171	0.000000
281474976710655.000000	39.082333	4172	0.000000
281474976710655.000000	54.145889	4173	0.000000
281474976710655.000000	78.220825	4174	0.000000
281474976710655.000000	38.166607	4175	0.000000
281474976710655.000000	53.649761	4176	0.000000
281474976710655.000000	41.430962	4177	0.000000
281474976710655.000000	49.200531	4178	0.000000
281474976710655.000000	49.341087	4179	0.000000
281474976710655.000000	49.518162	4180	0.000000
281474976710655.000000	41.162907	4181	0.000000
281474976710655.000000	41.107746	4182	0.000000
281474976710655.000000	40.890060	4183	0.000000
281474976710655.000000	38.087952	4184	0.000000
281474976710655.000000	53.026524	4185	0.000000
281474976710655.000000	37.810024	4186	0.000000
281474976710655.000000	40.599308	4187	0.000000
281474976710655.000000	47.316879	4188	0.000000
281474976710655.000000	60.647789	4189	0.000000
281474976710655.000000	37.885883	4190	0.000000
281474976710655.000000	37.627769	4191	0.000000
281474976710655.000000	48.882175	4192	0.000000
281474976710655.000000	37.495159	4193	0.000000
281474976710655.000000	53.214779	4194	0.000000
281474976710655.000000	54.229748	4195	0.000000
281474976710655.000000	48.320599	4196	0.000000
281474976710655.000000	40.080120	4197	0.000000
281474976710655.000000	46.731628	4198	0.000000
281474976710655.000000	48.029404	4199	0.000000
281474976710655.000000	36.780441	4200	0.000000
281474976710655.000000	47.793514	4201	0.000000
281474976710655.000000	51.766289	4202	0.000000
281474976710655.000000	53.268089	4203	0.000000
281474976710655.000000	47.714333	4204	0.000000
281474976710655.000000	41.733944	4205	0.000000
281474976710655.000000	46.705322	4206	0.000000
281474976710655.000000	39.811684	4207	0.000000
281474976710655.000000	43.451851	4208	0.000000
281474976710655.000000	36.769222	4209	0.000000
281474976710655.000000	36.695293	4210	0.000000
281474976710655.000000	47.944633	4211	0.000000
281474976710655.000000	47.521980	4212	0.000000
281474976710655.000000	43.026180	4213	0.000000
281474976710655.000000	36.529137	4214	0.000000
281474976710655.000000	63.755875	4215	0.000000
281474976710655.000000	52.698433	4216	0.000000
281474976710655.000000	39.090405	4217	0.000000
281474976710655.000000	63.142578	4218	0.000000
281474976710655.000000	46.746941	4219	0.000000
281474976710655.000000	36.339710	4220	0.000000
281474976710655.000000	36.286331	4221	0.000000
281474976710655.000000	51.533928	4222	0.000000
281474976710655.000000	40.824505	4223	0.000000
281474976710655.000000	38.871658	4224	0.000000
281474976710655.000000	46.347668	4225	0.000000
281474976710655.000000	51.322201	4226	0.000000
281474976710655.000000	48.177681	4227	0.000000
281474976710655.000000	46.308865	4228	0.000000
281474976710655.000000	38.589241	4229	0.000000
281474976710655.000000	36.145805	4230	0.000000
281474976710655.000000	45.942375	4231	0.000000
281474976710655.000000	46.003548	4232	0.000000
281474976710655.000000	60.709354	4233	0.000000
281474976710655.000000	46.196136	4234	0.000000
281474976710655.000000	40.308125	4235	0.000000
281474976710655.000000	40.266293	4236	0.000000
281474976710655.000000	43.376087	4237	0.000000
281474976710655.000000	38.097698	4238	0.000000
281474976710655.000000	57.064137	4239	0.000000
281474976710655.000000	56.900608	4240	0.000000
281474976710655.000000	46.144928	4241	0.000000
281474976710655.000000	40.038189	4242	0.000000
281474976710655.000000	37.946266	4243	0.000000
281474976710655.000000	45.565075	4244	0.000000
281474976710655.000000	45.427185	4245	0.000000
281474976710655.000000	42.936081	4246	0.000000
281474976710655.000000	60.959320	4247	0.000000
281474976710655.000000	35.175789	4248	0.000000
281474976710655.000000	49.884018	4249	0.000000
281474976710655.000000	55.776928	4250	0.000000
281474976710655.000000	45.160065	4251	0.000000
281474976710655.000000	45.126450	4252	0.000000
281474976710655.000000	44.632179	4253	0.000000
281474976710655.000000	55.398533	4254	0.000000
281474976710655.000000	34.647015	4255	0.000000
281474976710655.000000	60.746082	4256	0.000000
281474976710655.000000	44.627117	4257	0.000000
281474976710655.000000	37.315777	4258	0.000000
281474976710655.000000	34.786182	4259	0.000000
281474976710655.000000	37.390743	4260	0.000000
281474976710655.000000	33.892216	4261	0.000000
281474976710655.000000	40.494766	4262	0.000000
281474976710655.000000	40.416187	4263	0.000000
281474976710655.000000	70.349365	4264	0.000000
281474976710655.000000	44.075172	4265	0.000000
281474976710655.000000	36.942047	4266	0.000000
281474976710655.000000	38.964417	4267	0.000000
281474976710655.000000	42.440102	4268	0.000000
281474976710655.000000	53.895542	4269	0.000000
281474976710655.000000	47.157494	4270	0.000000
281474976710655.000000	38.242222	4271	0.000000
281474976710655.000000	33.716358	4272	0.000000
281474976710655.000000	38.700119	4273	0.000000
281474976710655.000000	43.383163	4274	0.000000
281474976710655.000000	59.097385	4275	0.000000
281474976710655.000000	42.164566	4276	0.000000
281474976710655.000000	43.309277	4277	0.000000
281474976710655.000000	41.196655	4278	0.000000
281474976710655.000000	43.527107	4279	0.000000
281474976710655.000000	53.947239	4280	0.000000
281474976710655.000000	34.808243	4281	0.000000
281474976710655.000000	41.223919	4282	0.000000
281474976710655.000000	43.390751	4283	0.000000
281474976710655.000000	37.802963	4284	0.000000
281474976710655.000000	37.720306	4285	0.000000
281474976710655.000000	39.219051	4286	0.000000
281474976710655.000000	43.143890	4287	0.000000
281474976710655.000000	33.241714	4288	0.000000
281474976710655.000000	42.821377	4289	0.000000
281474976710655.000000	42.807758	4290	0.000000
281474976710655.000000	43.012024	4291	0.000000
281474976710655.000000	40.335808	4292	0.000000
281474976710655.000000	42.891117	4293	0.000000
281474976710655.000000	37.410362	4294	0.000000
281474976710655.000000	42.834927	4295	0.000000
281474976710655.000000	42.214851	4296	0.000000
281474976710655.000000	42.355400	4297	0.000000
281474976710655.000000	32.908684	4298	0.000000
281474976710655.000000	43.941063	4299	0.000000
281474976710655.000000	57.311577	4300	0.000000
281474976710655.000000	42.562622	4301	0.000000
281474976710655.000000	42.098545	4302	0.000000
281474976710655.000000	42.377113	4303	0.000000
281474976710655.000000	34.094547	4304	0.000000
281474976710655.000000	47.111633	4305	0.000000
281474976710655.000000	42.059921	4306	0.000000
281474976710655.000000	46.788311	4307	0.000000
281474976710655.000000	42.051167	4308	0.000000
281474976710655.000000	41.981998	4309	0.000000
281474976710655.000000	43.714985	4310	0.000000
281474976710655.000000	49.818989	4311	0.000000
281474976710655.000000	51.925079	4312	0.000000
281474976710655.000000	36.522694	4313	0.000000
281474976710655.000000	39.337967	4314	0.000000
281474976710655.000000	41.685871	4315	0.000000
281474976710655.000000	50.024673	4316	0.000000
281474976710655.000000	41.788967	4317	0.000000
281474976710655.000000	41.681881	4318	0.000000
281474976710655.000000	41.324482	4319	0.000000
281474976710655.000000	51.187229	4320	0.000000
281474976710655.000000	39.049461	4321	0.000000
281474976710655.000000	54.213085	4322	0.000000
281474976710655.000000	41.124279	4323	0.000000
281474976710655.000000	34.506119	4324	0.000000
281474976710655.000000	41.228184	4325	0.000000
281474976710655.000000	31.894869	4326	0.000000
281474976710655.000000	39.000347	4327	0.000000
281474976710655.000000	55.185143	4328	0.000000
281474976710655.000000	40.809402	4329	0.000000
281474976710655.000000	32.692863	4330	0.000000
281474976710655.000000	41.973980	4331	0.000000
281474976710655.000000	50.515625	4332	0.000000
281474976710655.000000	40.493069	4333	0.000000
281474976710655.000000	40.650799	4334	0.000000
281474976710655.000000	38.302074	4335	0.000000
281474976710655.000000	49.853420	4336	0.000000
281474976710655.000000	40.595383	4337	0.000000
281474976710655.000000	33.667728	4338	0.000000
281474976710655.000000	31.148397	4339	0.000000
281474976710655.000000	40.244038	4340	0.000000
281474976710655.000000	33.447723	4341	0.000000
281474976710655.000000	38.090157	4342	0.000000
281474976710655.000000	30.969582	4343	0.000000
281474976710655.000000	41.293209	4344	0.000000
281474976710655.000000	41.037937	4345	0.000000
281474976710655.000000	49.868111	4346	0.000000
281474976710655.000000	34.776661	4347	0.000000
281474976710655.000000	37.575642	4348	0.000000
281474976710655.000000	31.849779	4349	0.000000
281474976710655.000000	37.624138	4350	0.000000
281474976710655.000000	53.354324	4351	0.000000
281474976710655.000000	39.582569	4352	0.000000
281474976710655.000000	32.859974	4353	0.000000
281474976710655.000000	40.290703	4354	0.000000
281474976710655.000000	40.871201	4355	0.000000
281474976710655.000000	52.034801	4356	0.000000
281474976710655.000000	39.372833	4357	0.000000
281474976710655.000000	40.647957	4358	0.000000
281474976710655.000000	37.099899	4359	0.000000
281474976710655.000000	53.249401	4360	0.000000
281474976710655.000000	35.210598	4361	0.000000
281474976710655.000000	30.587730	4362	0.000000
281474976710655.000000	32.381912	4363	0.000000
281474976710655.000000	30.341984	4364	0.000000
281474976710655.000000	38.879894	4365	0.000000
281474976710655.000000	48.378578	4366	0.000000
281474976710655.000000	45.499043	4367	0.000000
281474976710655.000000	48.785969	4368	0.000000
281474976710655.000000	52.796608	4369	0.000000
281474976710655.000000	38.986095	4370	0.000000
281474976710655.000000	38.790775	4371	0.000000
281474976710655.000000	51.398548	4372	0.000000
281474976710655.000000	38.598839	4373	0.000000
281474976710655.000000	48.195427	4374	0.000000
281474976710655.000000	38.918419	4375	0.000000
281474976710655.000000	38.650665	4376	0.000000
281474976710655.000000	29.982891	4377	0.000000
281474976710655.000000	45.630981	4378	0.000000
281474976710655.000000	42.685226	4379	0.000000
281474976710655.000000	33.840939	4380	0.000000
281474976710655.000000	36.351151	4381	0.000000
281474976710655.000000	45.143188	4382	0.000000
281474976710655.000000	33.387684	4383	0.000000
281474976710655.000000	33.609219	4384	0.000000
281474976710655.000000	33.304356	4385	0.000000
281474976710655.000000	37.785648	4386	0.000000
281474976710655.000000	35.994900	4387	0.000000
281474976710655.000000	47.084408	4388	0.000000
281474976710655.000000	41.360695	4389	0.000000
281474976710655.000000	33.124100	4390	0.000000
281474976710655.000000	36.678078	4391	0.000000
281474976710655.000000	32.877617	4392	0.000000
281474976710655.000000	32.923347	4393	0.000000
281474976710655.000000	31.430548	4394	0.000000
281474976710655.000000	38.687897	4395	0.000000
281474976710655.000000	41.684246	4396	0.000000
281474976710655.000000	43.751274	4397	0.000000
281474976710655.000000	29.130751	4398	0.000000
281474976710655.000000	34.995911	4399	0.000000
281474976710655.000000	36.193501	4400	0.000000
281474976710655.000000	40.593426	4401	0.000000
281474976710655.000000	33.570351	4402	0.000000
281474976710655.000000	37.155937	4403	0.000000
281474976710655.000000	32.462368	4404	0.000000
281474976710655.000000	34.936729	4405	0.000000
281474976710655.000000	37.098316	4406	0.000000
281474976710655.000000	32.208405	4407	0.000000
281474976710655.000000	36.719261	4408	0.000000
281474976710655.000000	32.439072	4409	0.000000
281474976710655.000000	28.785839	4410	0.000000
281474976710655.000000	38.322620	4411	0.000000
281474976710655.000000	36.979088	4412	0.000000
281474976710655.000000	32.302181	4413	0.000000
281474976710655.000000	29.569031	4414	0.000000
281474976710655.000000	35.391125	4415	0.000000
281474976710655.000000	40.132694	4416	0.000000
281474976710655.000000	32.904076	4417	0.000000
281474976710655.000000	29.425323	4418	0.000000
281474976710655.000000	42.795872	4419	0.000000
281474976710655.000000	36.604527	4420	0.000000
281474976710655.000000	34.273853	4421	0.000000
281474976710655.000000	42.770889	4422	0.000000
281474976710655.000000	37.694748	4423	0.000000
281474976710655.000000	42.426098	4424	0.000000
281474976710655.000000	34.209057	4425	0.000000
281474976710655.000000	36.135960	4426	0.000000
281474976710655.000000	45.427547	4427	0.000000
281474976710655.000000	34.663349	4428	0.000000
281474976710655.000000	37.210384	4429	0.000000
281474976710655.000000	31.840603	4430	0.000000
281474976710655.000000	31.618923	4431	0.000000
281474976710655.000000	36.255375	4432	0.000000
281474976710655.000000	31.409313	4433	0.000000
281474976710655.000000	37.520817	4434	0.000000
281474976710655.000000	38.934143	4435	0.000000
281474976710655.000000	32.339794	4436	0.000000
281474976710655.000000	35.681847	4437	0.000000
281474976710655.000000	42.241837	4438	0.000000
281474976710655.000000	35.627048	4439	0.000000
281474976710655.000000	39.777042	4440	0.000000
281474976710655.000000	39.025425	4441	0.000000
281474976710655.000000	35.758636	4442	0.000000
281474976710655.000000	31.048811	4443	0.000000
281474976710655.000000	31.123388	4444	0.000000
281474976710655.000000	31.827663	4445	0.000000
281474976710655.000000	38.652561	4446	0.000000
281474976710655.000000	36.908039	4447	0.000000
281474976710655.000000	41.426155	4448	0.000000
281474976710655.000000	33.152493	4449	0.000000
281474976710655.000000	29.260073	4450	0.000000
281474976710655.000000	38.821972	4451	0.000000
281474976710655.000000	35.324009	4452	0.000000
281474976710655.000000	38.223820	4453	0.000000
281474976710655.000000	40.880363	4454	0.000000
281474976710655.000000	32.942490	4455	0.000000
281474976710655.000000	34.308533	4456	0.000000
281474976710655.000000	30.456240	4457	0.000000
281474976710655.000000	42.332821	4458	0.000000
281474976710655.000000	40.663177	4459	0.000000
281474976710655.000000	31.286467	4460	0.000000
281474976710655.000000	33.373470	4461	0.000000
281474976710655.000000	37.735142	4462	0.000000
281474976710655.000000	37.074368	4463	0.000000
281474976710655.000000	34.447865	4464	0.000000
281474976710655.000000	31.488884	4465	0.000000
281474976710655.000000	30.083569	4466	0.000000
281474976710655.000000	34.020695	4467	0.000000
281474976710655.000000	35.040142	4468	0.000000
281474976710655.000000	39.922413	4469	0.000000
281474976710655.000000	34.427208	4470	0.000000
281474976710655.000000	30.871820	4471	0.000000
281474976710655.000000	27.438356	4472	0.000000
281474976710655.000000	42.041111	4473	0.000000
281474976710655.000000	39.876278	4474	0.000000
281474976710655.000000	29.976688	4475	0.000000
281474976710655.000000	34.253422	4476	0.000000
281474976710655.000000	29.568954	4477	0.000000
281474976710655.000000	27.292694	4478	0.000000
281474976710655.000000	35.237335	4479	0.000000
281474976710655.000000	41.910885	4480	0.000000
281474976710655.000000	29.309303	4481	0.000000
281474976710655.000000	33.460373	4482	0.000000
281474976710655.000000	37.761963	4483	0.000000
281474976710655.000000	36.579708	4484	0.000000
281474976710655.000000	31.870384	4485	0.000000
281474976710655.000000	30.204006	4486	0.000000
281474976710655.000000	29.309187	4487	0.000000
281474976710655.000000	36.735104	4488	0.000000
281474976710655.000000	33.525574	4489	0.000000
281474976710655.000000	29.480021	4490	0.000000
281474976710655.000000	33.476097	4491	0.000000
281474976710655.000000	41.279659	4492	0.000000
281474976710655.000000	30.202824	4493	0.000000
281474976710655.000000	33.167290	4494	0.000000
281474976710655.000000	28.990498	4495	0.000000
281474976710655.000000	29.433233	4496	0.000000
281474976710655.000000	37.568275	4497	0.000000
281474976710655.000000	30.769234	4498	0.000000
281474976710655.000000	28.904333	4499	0.000000
281474976710655.000000	31.547855	4500	0.000000
281474976710655.000000	33.906277	4501	0.000000
281474976710655.000000	33.412922	4502	0.000000
281474976710655.000000	27.527946	4503	0.000000
281474976710655.000000	35.084190	4504	0.000000
281474976710655.000000	38.142994	4505	0.000000
281474976710655.000000	29.845987	4506	0.000000
281474976710655.000000	29.372366	4507	0.000000
281474976710655.000000	28.964224	4508	0.000000
281474976710655.000000	39.643482	4509	0.000000
281474976710655.000000	29.504528	4510	0.000000
281474976710655.000000	37.375881	4511	0.000000
281474976710655.000000	32.616386	4512	0.000000
281474976710655.000000	28.564453	4513	0.000000
281474976710655.000000	40.135521	4514	0.000000
281474976710655.000000	32.580639	4515	0.000000
281474976710655.000000	36.924759	4516	0.000000
281474976710655.000000	30.608744	4517	0.000000
281474976710655.000000	32.124981	4518	0.000000
281474976710655.000000	28.927845	4519	0.000000
281474976710655.000000	28.476574	4520	0.000000
281474976710655.000000	28.556273	4521	0.000000
281474976710655.000000	32.759987	4522	0.000000
281474976710655.000000	39.001057	4523	0.000000
281474976710655.000000	28.218685	4524	0.000000
281474976710655.000000	33.178204	4525	0.000000
281474976710655.000000	31.598614	4526	0.000000
281474976710655.000000	37.250896	4527	0.000000
281474976710655.000000	30.301846	4528	0.000000
281474976710655.000000	35.684940	4529	0.000000
281474976710655.000000	27.373217	4530	0.000000
281474976710655.000000	30.961653	4531	0.000000
281474976710655.000000	37.819031	4532	0.000000
281474976710655.000000	33.198452	4533	0.000000
281474976710655.000000	37.409317	4534	0.000000
281474976710655.000000	28.358459	4535	0.000000
281474976710655.000000	31.137609	4536	0.000000
281474976710655.000000	34.170128	4537	0.000000
281474976710655.000000	29.996120	4538	0.000000
281474976710655.000000	32.547943	4539	0.000000
281474976710655.000000	35.678432	4540	0.000000
281474976710655.000000	35.204487	4541	0.000000
281474976710655.000000	32.018322	4542	0.000000
281474976710655.000000	35.193115	4543	0.000000
281474976710655.000000	36.913979	4544	0.000000
281474976710655.000000	28.191912	4545	0.000000
281474976710655.000000	26.944946	4546	0.000000
281474976710655.000000	33.106880	4547	0.000000
281474976710655.000000	36.744213	4548	0.000000
281474976710655.000000	31.796310	4549	0.000000
281474976710655.000000	27.279299	4550	0.000000
281474976710655.000000	26.483280	4551	0.000000
281474976710655.000000	37.895462	4552	0.000000
281474976710655.000000	35.000206	4553	0.000000
281474976710655.000000	31.567833	4554	0.000000
281474976710655.000000	27.516869	4555	0.000000
281474976710655.000000	35.978752	4556	0.000000
281474976710655.000000	27.021952	4557	0.000000
281474976710655.000000	25.621296	4558	0.000000
281474976710655.000000	30.134071	4559	0.000000
281474976710655.000000	31.630400	4560	0.000000
281474976710655.000000	26.832651	4561	0.000000
281474976710655.000000	27.724384	4562	0.000000
281474976710655.000000	26.179531	4563	0.000000
281474976710655.000000	33.588676	4564	0.000000
281474976710655.000000	35.315208	4565	0.000000
281474976710655.000000	33.168434	4566	0.000000
281474976710655.000000	31.019911	4567	0.000000
281474976710655.000000	28.264688	4568	0.000000
281474976710655.000000	29.912342	4569	0.000000
281474976710655.000000	28.381121	4570	0.000000
281474976710655.000000	35.631977	4571	0.000000
281474976710655.000000	29.075279	4572	0.000000
281474976710655.000000	33.094093	4573	0.000000
281474976710655.000000	35.288910	4574	0.000000
281474976710655.000000	29.731565	4575	0.000000
281474976710655.000000	32.158939	4576	0.000000
281474976710655.000000	26.549356	4577	0.000000
281474976710655.000000	35.727062	4578	0.000000
281474976710655.000000	27.106882	4579	0.000000
281474976710655.000000	30.070797	4580	0.000000
281474976710655.000000	26.936443	4581	0.000000
281474976710655.000000	29.690819	4582	0.000000
281474976710655.000000	32.112656	4583	0.000000
281474976710655.000000	33.871834	4584	0.000000
281474976710655.000000	27.773127	4585	0.000000
281474976710655.000000	32.186420	4586	0.000000
281474976710655.000000	32.214233	4587	0.000000
281474976710655.000000	29.430147	4588	0.000000
281474976710655.000000	29.085730	4589	0.000000
281474976710655.000000	28.364590	4590	0.000000
281474976710655.000000	33.214012	4591	0.000000
281474976710655.000000	30.257441	4592	0.000000
281474976710655.000000	25.897602	4593	0.000000
281474976710655.000000	26.359957	4594	0.000000
281474976710655.000000	30.415651	4595	0.000000
281474976710655.000000	33.489559	4596	0.000000
281474976710655.000000	32.061142	4597	0.000000
281474976710655.000000	26.635988	4598	0.000000
281474976710655.000000	24.281895	4599	0.000000
281474976710655.000000	31.281328	4600	0.000000
281474976710655.000000	28.815067	4601	0.000000
281474976710655.000000	31.004599	4602	0.000000
281474976710655.000000	29.736855	4603	0.000000
281474976710655.000000	27.479637	4604	0.000000
281474976710655.000000	24.669804	4605	0.000000
281474976710655.000000	30.318596	4606	0.000000
281474976710655.000000	30.102587	4607	0.000000
281474976710655.000000	30.222849	4608	0.000000
281474976710655.000000	29.991507	4609	0.000000
281474976710655.000000	31.959169	4610	0.000000
281474976710655.000000	25.894112	4611	0.000000
281474976710655.000000	26.314495	4612	0.000000
281474976710655.000000	28.486124	4613	0.000000
281474976710655.000000	25.921860	4614	0.000000
281474976710655.000000	30.644896	4615	0.000000
281474976710655.000000	32.814064	4616	0.000000
281474976710655.000000	28.361395	4617	0.000000
281474976710655.000000	27.350357	4618	0.000000
281474976710655.000000	24.457129	4619	0.000000
281474976710655.000000	33.926025	4620	0.000000
281474976710655.000000	30.816448	4621	0.000000
281474976710655.000000	28.914228	4622	0.000000
281474976710655.000000	29.257322	4623	0.000000
281474976710655.000000	24.542706	4624	0.000000
281474976710655.000000	28.755236	4625	0.000000
281474976710655.000000	32.225777	4626	0.000000
281474976710655.000000	26.616930	4627	0.000000
281474976710655.000000	30.509233	4628	0.000000
281474976710655.000000	28.003384	4629	0.000000
281474976710655.000000	28.884590	4630	0.000000
281474976710655.000000	30.211084	4631	0.000000
281474976710655.000000	32.178505	4632	0.000000
281474976710655.000000	28.525049	4633	0.000000
281474976710655.000000	26.778313	4634	0.000000
281474976710655.000000	26.531666	4635	0.000000
281474976710655.000000	26.314199	4636	0.000000
281474976710655.000000	25.656672	4637	0.000000
281474976710655.000000	28.442696	4638	0.000000
281474976710655.000000	23.971376	4639	0.000000
281474976710655.000000	27.052723	4640	0.000000
281474976710655.000000	29.131153	4641	0.000000
281474976710655.000000	27.904396	4642	0.000000
281474976710655.000000	24.374662	4643	0.000000
281474976710655.000000	23.970989	4644	0.000000
281474976710655.000000	27.427088	4645	0.000000
281474976710655.000000	28.001949	4646	0.000000
281474976710655.000000	29.956015	4647	0.000000
281474976710655.000000	29.614174	4648	0.000000
281474976710655.000000	24.773422	4649	0.000000
281474976710655.000000	26.183010	4650	0.000000
281474976710655.000000	27.270300	4651	0.000000
281474976710655.000000	27.380434	4652	0.000000
281474976710655.000000	24.784857	4653	0.000000
281474976710655.000000	27.882862	4654	0.000000
281474976710655.000000	29.823240	4655	0.000000
281474976710655.000000	28.219976	4656	0.000000
281474976710655.000000	23.477034	4657	0.000000
281474976710655.000000	25.551325	4658	0.000000
281474976710655.000000	26.904242	4659	0.000000
281474976710655.000000	28.507505	4660	0.000000
281474976710655.000000	25.453510	4661	0.000000
281474976710655.000000	26.824326	4662	0.000000
281474976710655.000000	27.897526	4663	0.000000
281474976710655.000000	27.608452	4664	0.000000
281474976710655.000000	24.395029	4665	0.000000
281474976710655.000000	32.059059	4666	0.000000
281474976710655.000000	24.213160	4667	0.000000
281474976710655.000000	27.541058	4668	0.000000
281474976710655.000000	23.955462	4669	0.000000
281474976710655.000000	27.297743	4670	0.000000
281474976710655.000000	30.380358	4671	0.000000
281474976710655.000000	28.761106	4672	0.000000
281474976710655.000000	24.994028	4673	0.000000
281474976710655.000000	30.472582	4674	0.000000
281474976710655.000000	23.337816	4675	0.000000
281474976710655.000000	23.985310	4676	0.000000
281474976710655.000000	22.728973	4677	0.000000
281474976710655.000000	26.594032	4678	0.000000
281474976710655.000000	25.202452	4679	0.000000
281474976710655.000000	27.085400	4680	0.000000
281474976710655.000000	24.616833	4681	0.000000
281474976710655.000000	22.958687	4682	0.000000
281474976710655.000000	23.041063	4683	0.000000
281474976710655.000000	26.290468	4684	0.000000
281474976710655.000000	22.522989	4685	0.000000
281474976710655.000000	25.930290	4686	0.000000
281474976710655.000000	28.353954	4687	0.000000
281474976710655.000000	26.171453	4688	0.000000
281474976710655.000000	24.599323	4689	0.000000
281474976710655.000000	25.045765	4690	0.000000
281474976710655.000000	27.788391	4691	0.000000
281474976710655.000000	23.763588	4692	0.000000
281474976710655.000000	25.082317	4693	0.000000
281474976710655.000000	25.879652	4694	0.000000
281474976710655.000000	28.352621	4695	0.000000
281474976710655.000000	26.004517	4696	0.000000
281474976710655.000000	26.933693	4697	0.000000
281474976710655.000000	26.005671	4698	0.000000
281474976710655.000000	22.968304	4699	0.000000
281474976710655.000000	29.694170	4700	0.000000
281474976710655.000000	29.718245	4701	0.000000
281474976710655.000000	25.851032	4702	0.000000
281474976710655.000000	22.684872	4703	0.000000
281474976710655.000000	24.842501	4704	0.000000
281474976710655.000000	24.412630	4705	0.000000
281474976710655.000000	26.946733	4706	0.000000
281474976710655.000000	24.275316	4707	0.000000
281474976710655.000000	25.377766	4708	0.000000
281474976710655.000000	25.447702	4709	0.000000
281474976710655.000000	26.828932	4710	0.000000
281474976710655.000000	24.007269	4711	0.000000
281474976710655.000000	25.067682	4712	0.000000
281474976710655.000000	25.287497	4713	0.000000
281474976710655.000000	27.485447	4714	0.000000
281474976710655.000000	22.221071	4715	0.000000
281474976710655.000000	23.988272	4716	0.000000
281474976710655.000000	26.972012	4717	0.000000
281474976710655.000000	25.688204	4718	0.000000
281474976710655.000000	22.213083	4719	0.000000
281474976710655.000000	24.275040	4720	0.000000
281474976710655.000000	25.804811	4721	0.000000
281474976710655.000000	28.403198	4722	0.000000
281474976710655.000000	25.948990	4723	0.000000
281474976710655.000000	22.147253	4724	0.000000
281474976710655.000000	25.617008	4725	0.000000
281474976710655.000000	24.605970	4726	0.000000
281474976710655.000000	24.229530	4727	0.000000
281474976710655.000000	25.027822	4728	0.000000
281474976710655.000000	24.881332	4729	0.000000
281474976710655.000000	26.122520	4730	0.000000
281474976710655.000000	23.967182	4731	0.000000
281474976710655.000000	25.258169	4732	0.000000
281474976710655.000000	25.245407	4733	0.000000
281474976710655.000000	25.987249	4734	0.000000
281474976710655.000000	23.055532	4735	0.000000
281474976710655.000000	25.463812	4736	0.000000
281474976710655.000000	24.097635	4737	0.000000
281474976710655.000000	26.605818	4738	0.000000
281474976710655.000000	21.471693	4739	0.000000
281474976710655.000000	23.191906	4740	0.000000
281474976710655.000000	25.303505	4741	0.000000
281474976710655.000000	22.248606	4742	0.000000
281474976710655.000000	23.039980	4743	0.000000
281474976710655.000000	24.047686	4744	0.000000
281474976710655.000000	24.256718	4745	0.000000
281474976710655.000000	25.503235	4746	0.000000
281474976710655.000000	23.920744	4747	0.000000
281474976710655.000000	25.220959	4748	0.000000
281474976710655.000000	25.813227	4749	0.000000
281474976710655.000000	27.434288	4750	0.000000
281474976710655.000000	25.062429	4751	0.000000
281474976710655.000000	21.483038	4752	0.000000
281474976710655.000000	25.597967	4753	0.000000
281474976710655.000000	24.899410	4754	0.000000
281474976710655.000000	21.204796	4755	0.000000
281474976710655.000000	24.852793	4756	0.000000
281474976710655.000000	24.978493	4757	0.000000
281474976710655.000000	25.391504	4758	0.000000
281474976710655.000000	22.965191	4759	0.000000
281474976710655.000000	23.208447	4760	0.000000
281474976710655.000000	25.035122	4761	0.000000
281474976710655.000000	26.996490	4762	0.000000
281474976710655.000000	21.118687	4763	0.000000
281474976710655.000000	24.166124	4764	0.000000
281474976710655.000000	22.318052	4765	0.000000
281474976710655.000000	25.466200	4766	0.000000
281474976710655.000000	21.676838	4767	0.000000
281474976710655.000000	22.765814	4768	0.000000
281474976710655.000000	25.094336	4769	0.000000
281474976710655.000000	27.436741	4770	0.000000
281474976710655.000000	20.843500	4771	0.000000
281474976710655.000000	23.010143	4772	0.000000
281474976710655.000000	24.411991	4773	0.000000
281474976710655.000000	25.267916	4774	0.000000
281474976710655.000000	22.945139	4775	0.000000
281474976710655.000000	21.678539	4776	0.000000
281474976710655.000000	23.542131	4777	0.000000
281474976710655.000000	23.520857	4778	0.000000
281474976710655.000000	23.388403	4779	0.000000
281474976710655.000000	23.344776	4780	0.000000
281474976710655.000000	23.843584	4781	0.000000
281474976710655.000000	21.972904	4782	0.000000
281474976710655.000000	23.106712	4783	0.000000
281474976710655.000000	21.320301	4784	0.000000
281474976710655.000000	23.428579	4785	0.000000
281474976710655.000000	25.591671	4786	0.000000
281474976710655.000000	20.380381	4787	0.000000
281474976710655.000000	24.268522	4788	0.000000
281474976710655.000000	24.879362	4789	0.000000
281474976710655.000000	25.927853	4790	0.000000
281474976710655.000000	21.563910	4791	0.000000
281474976710655.000000	23.228167	4792	0.000000
281474976710655.000000	24.410370	4793	0.000000
281474976710655.000000	20.264603	4794	0.000000
281474976710655.000000	22.344379	4795	0.000000
281474976710655.000000	23.867493	4796	0.000000
281474976710655.000000	22.955910	4797	0.000000
281474976710655.000000	23.437304	4798	0.000000
281474976710655.000000	21.584137	4799	0.000000
281474976710655.000000	20.808754	4800	0.000000
281474976710655.000000	23.662102	4801	0.000000
281474976710655.000000	24.005798	4802	0.000000
281474976710655.000000	24.476421	4803	0.000000
281474976710655.000000	21.582041	4804	0.000000
281474976710655.000000	22.211552	4805	0.000000
281474976710655.000000	22.167877	4806	0.000000
281474976710655.000000	22.756750	4807	0.000000
281474976710655.000000	22.000954	4808	0.000000
281474976710655.000000	22.633314	4809	0.000000
281474976710655.000000	23.096262	4810	0.000000
281474976710655.000000	23.408495	4811	0.000000
281474976710655.000000	21.263466	4812	0.000000
281474976710655.000000	23.182390	4813	0.000000
281474976710655.000000	24.028074	4814	0.000000
281474976710655.000000	22.850613	4815	0.000000
281474976710655.000000	22.672119	4816	0.000000
281474976710655.000000	21.648842	4817	0.000000
281474976710655.000000	22.492743	4818	0.000000
281474976710655.000000	22.676641	4819	0.000000
281474976710655.000000	21.729729	4820	0.000000
281474976710655.000000	20.925737	4821	0.000000
281474976710655.000000	21.286943	4822	0.000000
281474976710655.000000	21.642813	4823	0.000000
281474976710655.000000	22.699488	4824	0.000000
281474976710655.000000	22.085913	4825	0.000000
281474976710655.000000	23.594742	4826	0.000000
281474976710655.000000	21.401903	4827	0.000000
281474976710655.000000	21.622534	4828	0.000000
281474976710655.000000	23.816603	4829	0.000000
281474976710655.000000	22.813417	4830	0.000000
281474976710655.000000	20.127716	4831	0.000000
281474976710655.000000	22.350206	4832	0.000000
281474976710655.000000	23.341637	4833	0.000000
281474976710655.000000	22.853456	4834	0.000000
281474976710655.000000	23.267902	4835	0.000000
281474976710655.000000	20.848507	4836	0.000000
281474976710655.000000	23.226223	4837	0.000000
281474976710655.000000	21.374107	4838	0.000000
281474976710655.000000	21.148048	4839	0.000000
281474976710655.000000	21.376135	4840	0.000000
281474976710655.000000	22.887972	4841	0.000000
281474976710655.000000	21.326834	4842	0.000000
281474976710655.000000	20.246662	4843	0.000000
281474976710655.000000	21.586023	4844	0.000000
281474976710655.000000	21.870310	4845	0.000000
281474976710655.000000	23.482313	4846	0.000000
281474976710655.000000	20.154007	4847	0.000000
281474976710655.000000	20.842941	4848	0.000000
281474976710655.000000	21.492159	4849	0.000000
281474976710655.000000	21.614489	4850	0.000000
281474976710655.000000	21.317457	4851	0.000000
281474976710655.000000	21.888788	4852	0.000000
281474976710655.000000	21.398167	4853	0.000000
281474976710655.000000	21.683723	4854	0.000000
281474976710655.000000	22.000574	4855	0.000000
281474976710655.000000	22.018805	4856	0.000000
281474976710655.000000	20.782221	4857	0.000000
281474976710655.000000	19.292257	4858	0.000000
281474976710655.000000	21.279024	4859	0.000000
281474976710655.000000	22.648481	4860	0.000000
281474976710655.000000	19.734037	4861	0.000000
281474976710655.000000	21.618700	4862	0.000000
281474976710655.000000	20.950558	4863	0.000000
281474976710655.000000	20.826330	4864	0.000000
281474976710655.000000	21.712843	4865	0.000000
281474976710655.000000	20.103149	4866	0.000000
281474976710655.000000	20.932566	4867	0.000000
281474976710655.000000	21.318228	4868	0.000000
281474976710655.000000	20.794338	4869	0.000000
281474976710655.000000	21.099310	4870	0.000000
281474976710655.000000	21.203981	4871	0.000000
281474976710655.000000	22.029249	4872	0.000000
281474976710655.000000	20.302299	4873	0.000000
281474976710655.000000	21.148012	4874	0.000000
281474976710655.000000	21.272900	4875	0.000000
281474976710655.000000	21.168394	4876	0.000000
281474976710655.000000	20.011436	4877	0.000000
281474976710655.000000	20.337341	4878	0.000000
281474976710655.000000	20.903610	4879	0.000000
281474976710655.000000	22.143873	4880	0.000000
281474976710655.000000	20.487043	4881	0.000000
281474976710655.000000	21.101360	4882	0.000000
281474976710655.000000	20.725767	4883	0.000000
281474976710655.000000	20.263233	4884	0.000000
281474976710655.000000	20.028765	4885	0.000000
281474976710655.000000	20.451794	4886	0.000000
281474976710655.000000	20.371958	4887	0.000000
281474976710655.000000	21.435089	4888	0.000000
281474976710655.000000	19.992729	4889	0.000000
281474976710655.000000	21.289944	4890	0.000000
281474976710655.000000	19.121422	4891	0.000000
281474976710655.000000	19.259209	4892	0.000000
281474976710655.000000	20.544628	4893	0.000000
281474976710655.000000	20.372698	4894	0.000000
281474976710655.000000	20.320620	4895	0.000000
281474976710655.000000	19.847294	4896	0.000000
281474976710655.000000	19.297976	4897	0.000000
281474976710655.000000	19.853897	4898	0.000000
281474976710655.000000	19.596720	4899	0.000000
281474976710655.000000	20.347187	4900	0.000000
281474976710655.000000	20.168964	4901	0.000000
281474976710655.000000	21.381153	4902	0.000000
281474976710655.000000	21.051249	4903	0.000000
281474976710655.000000	19.799929	4904	0.000000
281474976710655.000000	20.214392	4905	0.000000
281474976710655.000000	19.022848	4906	0.000000
281474976710655.000000	19.206545	4907	0.000000
281474976710655.000000	19.783230	4908	0.000000
281474976710655.000000	19.575270	4909	0.000000
281474976710655.000000	19.206173	4910	0.000000
281474976710655.000000	18.470577	4911	0.000000
281474976710655.000000	20.201019	4912	0.000000
281474976710655.000000	20.291912	4913	0.000000
281474976710655.000000	20.500320	4914	0.000000
281474976710655.000000	19.086433	4915	0.000000
281474976710655.000000	20.480251	4916	0.000000
281474976710655.000000	18.939554	4917	0.000000
281474976710655.000000	20.226778	4918	0.000000
281474976710655.000000	19.871803	4919	0.000000
281474976710655.000000	19.957130	4920	0.000000
281474976710655.000000	19.428930	4921	0.000000
281474976710655.000000	20.041794	4922	0.000000
281474976710655.000000	19.436848	4923	0.000000
281474976710655.000000	20.154638	4924	0.000000
281474976710655.000000	20.129869	4925	0.000000
281474976710655.000000	19.580561	4926	0.000000
281474976710655.000000	19.210098	4927	0.000000
281474976710655.000000	19.942879	4928	0.000000
281474976710655.000000	18.883549	4929	0.000000
281474976710655.000000	19.561218	4930	0.000000
281474976710655.000000	19.909138	4931	0.000000
281474976710655.000000	19.962887	4932	0.000000
281474976710655.000000	19.654428	4933	0.000000
281474976710655.000000	20.044121	4934	0.000000
281474976710655.000000	18.978168	4935	0.000000
281474976710655.000000	19.295071	4936	0.000000
281474976710655.000000	19.050837	4937	0.000000
281474976710655.000000	18.998701	4938	0.000000
281474976710655.000000	18.975233	4939	0.000000
281474976710655.000000	19.710367	4940	0.000000
281474976710655.000000	19.594276	4941	0.000000
281474976710655.000000	18.685097	4942	0.000000
281474976710655.000000	18.599043	4943	0.000000
281474976710655.000000	19.325962	4944	0.000000
281474976710655.000000	19.059072	4945	0.000000
281474976710655.000000	19.678638	4946	0.000000
281474976710655.000000	18.574480	4947	0.000000
281474976710655.000000	19.435820	4948	0.000000
281474976710655.000000	18.943689	4949	0.000000
281474976710655.000000	19.381874	4950	0.000000
281474976710655.000000	18.780945	4951	0.000000
281474976710655.000000	18.730330	4952	0.000000
281474976710655.000000	18.032640	4953	0.000000
281474976710655.000000	18.290161	4954	0.000000
281474976710655.000000	18.618843	4955	0.000000
281474976710655.000000	18.799967	4956	0.000000
281474976710655.000000	18.250471	4957	0.000000
281474976710655.000000	18.765471	4958	0.000000
281474976710655.000000	18.557407	4959	0.000000
281474976710655.000000	20.066921	4960	0.000000
281474976710655.000000	19.295149	4961	0.000000
281474976710655.000000	18.868713	4962	0.000000
281474976710655.000000	18.564833	4963	0.000000
281474976710655.000000	18.612942	4964	0.000000
281474976710655.000000	19.903214	4965	0.000000
281474976710655.000000	19.611532	4966	0.000000
281474976710655.000000	18.456259	4967	0.000000
281474976710655.000000	18.892973	4968	0.000000
281474976710655.000000	17.902678	4969	0.000000
281474976710655.000000	18.603495	4970	0.000000
281474976710655.000000	18.415554	4971	0.000000
281474976710655.000000	18.064173	4972	0.000000
281474976710655.000000	18.167276	4973	0.000000
281474976710655.000000	18.769060	4974	0.000000
281474976710655.000000	17.777122	4975	0.000000
281474976710655.000000	18.337683	4976	0.000000
281474976710655.000000	18.291288	4977	0.000000
281474976710655.000000	18.684612	4978	0.000000
281474976710655.000000	18.048555	4979	0.000000
281474976710655.000000	18.560249	4980	0.000000
281474976710655.000000	18.510977	4981	0.000000
281474976710655.000000	18.632458	4982	0.000000
281474976710655.000000	17.626053	4983	0.000000
281474976710655.000000	18.405678	4984	0.000000
281474976710655.000000	18.147064	4985	0.000000
281474976710655.000000	18.082251	4986	0.000000
281474976710655.000000	17.831385	4987	0.000000
281474976710655.000000	18.258459	4988	0.000000
281474976710655.000000	17.421007	4989	0.000000
281474976710655.000000	17.972940	4990	0.000000
281474976710655.000000	17.905283	4991	0.000000
281474976710655.000000	18.211805	4992	0.000000
281474976710655.000000	17.447309	4993	0.000000
281474976710655.000000	18.287430	4994	0.000000
281474976710655.000000	17.801176	4995	0.000000
281474976710655.000000	17.664648	4996	0.000000
281474976710655.000000	17.922434	4997	0.000000
281474976710655.000000	18.360285	4998	0.000000
281474976710655.000000	17.145115	4999	0.000000
281474976710655.000000	18.361010	5000	0.000000
281474976710655.000000	17.828735	5001	0.000000
281474976710655.000000	17.856796	5002	0.000000
281474976710655.000000	17.517784	5003	0.000000
281474976710655.000000	18.210625	5004	0.000000
281474976710655.000000	17.958246	5005	0.000000
281474976710655.000000	17.842302	5006	0.000000
281474976710655.000000	17.412100	5007	0.000000
281474976710655.000000	17.632095	5008	0.000000
281474976710655.000000	17.545509	5009	0.000000
281474976710655.000000	17.512789	5010	0.000000
281474976710655.000000	17.364098	5011	0.000000
281474976710655.000000	17.294134	5012	0.000000
281474976710655.000000	17.201097	5013	0.000000
281474976710655.000000	17.395048	5014	0.000000
281474976710655.000000	17.206347	5015	0.000000
281474976710655.000000	17.385489	5016	0.000000
281474976710655.000000	17.545744	5017	0.000000
281474976710655.000000	17.633440	5018	0.000000
281474976710655.000000	17.135347	5019	0.000000
281474976710655.000000	17.493372	5020	0.000000
281474976710655.000000	17.276957	5021	0.000000
281474976710655.000000	17.466379	5022	0.000000
281474976710655.000000	17.271605	5023	0.000000
281474976710655.000000	17.702625	5024	0.000000
281474976710655.000000	17.383411	5025	0.000000
281474976710655.000000	17.364119	5026	0.000000
281474976710655.000000	17.318447	5027	0.000000
281474976710655.000000	16.953840	5028	0.000000
281474976710655.000000	17.400038	5029	0.000000
281474976710655.000000	17.540764	5030	0.000000
281474976710655.000000	16.861937	5031	0.000000
281474976710655.000000	16.899620	5032	0.000000
281474976710655.000000	16.494074	5033	0.000000
281474976710655.000000	17.314129	5034	0.000000
281474976710655.000000	17.234060	5035	0.000000
281474976710655.000000	17.482817	5036	0.000000
281474976710655.000000	16.931746	5037	0.000000
281474976710655.000000	17.204832	5038	0.000000
281474976710655.000000	16.988064	5039	0.000000
281474976710655.000000	16.857267	5040	0.000000
281474976710655.000000	16.764006	5041	0.000000
281474976710655.000000	17.537941	5042	0.000000
281474976710655.000000	16.418142	5043	0.000000
281474976710655.000000	16.873758	5044	0.000000
281474976710655.000000	16.695250	5045	0.000000
281474976710655.000000	16.954659	5046	0.000000
281474976710655.000000	16.343754	5047	0.000000
281474976710655.000000	17.335611	5048	0.000000
281474976710655.000000	16.527971	5049	0.000000
281474976710655.000000	16.627129	5050	0.000000
281474976710655.000000	16.304741	5051	0.000000
281474976710655.000000	16.854332	5052	0.000000
281474976710655.000000	16.476347	5053	0.000000
281474976710655.000000	16.841820	5054	0.000000
281474976710655.000000	16.551512	5055	0.000000
281474976710655.000000	16.566914	5056	0.000000
281474976710655.000000	16.767935	5057	0.000000
281474976710655.000000	16.703470	5058	0.000000
281474976710655.000000	16.321556	5059	0.000000
281474976710655.000000	16.501694	5060	0.000000
281474976710655.000000	16.082478	5061	0.000000
281474976710655.000000	16.530195	5062	0.000000
281474976710655.000000	16.171858	5063	0.000000
281474976710655.000000	16.416548	5064	0.000000
281474976710655.000000	16.588451	5065	0.000000
281474976710655.000000	16.547659	5066	0.000000
281474976710655.000000	15.873187	5067	0.000000
281474976710655.000000	16.580311	5068	0.000000
281474976710655.000000	15.990446	5069	0.000000
281474976710655.000000	16.518148	5070	0.000000
281474976710655.000000	15.907078	5071	0.000000
281474976710655.000000	16.243170	5072	0.000000
281474976710655.000000	15.750361	5073	0.000000
281474976710655.000000	16.656456	5074	0.000000
281474976710655.000000	16.083933	5075	0.000000
281474976710655.000000	16.054564	5076	0.000000
281474976710655.000000	16.253138	5077	0.000000
281474976710655.000000	16.323298	5078	0.000000
281474976710655.000000	15.647341	5079	0.000000
281474976710655.000000	15.809583	5080	0.000000
281474976710655.000000	16.044775	5081	0.000000
281474976710655.000000	16.137705	5082	0.000000
281474976710655.000000	15.678887	5083	0.000000
281474976710655.000000	16.027025	5084	0.000000
281474976710655.000000	15.661423	5085	0.000000
281474976710655.000000	15.828836	5086	0.000000
281474976710655.000000	15.619649	5087	0.000000
281474976710655.000000	15.877717	5088	0.000000
281474976710655.000000	15.903774	5089	0.000000
281474976710655.000000	15.708481	5090	0.000000
281474976710655.000000	15.473728	5091	0.000000
281474976710655.000000	15.983133	5092	0.000000
281474976710655.000000	15.705754	5093	0.000000
281474976710655.000000	15.792804	5094	0.000000
281474976710655.000000	15.456322	5095	0.000000
281474976710655.000000	16.244719	5096	0.000000
281474976710655.000000	15.500443	5097	0.000000
281474976710655.000000	16.193184	5098	0.000000
281474976710655.000000	15.768496	5099	0.000000
281474976710655.000000	16.246429	5100	0.000000
281474976710655.000000	15.327115	5101	0.000000
281474976710655.000000	15.867157	5102	0.000000
281474976710655.000000	15.280936	5103	0.000000
281474976710655.000000	15.325679	5104	0.000000
281474976710655.000000	15.943965	5105	0.000000
281474976710655.000000	15.655985	5106	0.000000
281474976710655.000000	15.416595	5107	0.000000
281474976710655.000000	15.793502	5108	0.000000
281474976710655.000000	15.059495	5109	0.000000
281474976710655.000000	15.572108	5110	0.000000
281474976710655.000000	15.170235	5111	0.000000
281474976710655.000000	15.652730	5112	0.000000
281474976710655.000000	15.019500	5113	0.000000
281474976710655.000000	14.909132	5114	0.000000
281474976710655.000000	15.517536	5115	0.000000
281474976710655.000000	15.655493	5116	0.000000
281474976710655.000000	15.338521	5117	0.000000
281474976710655.000000	15.174783	5118	0.000000
281474976710655.000000	15.127102	5119	0.000000
281474976710655.000000	15.125338	5120	0.000000
281474976710655.000000	14.992736	5121	0.000000
281474976710655.000000	15.347585	5122	0.000000
281474976710655.000000	14.788669	5123	0.000000
281474976710655.000000	15.727594	5124	0.000000
281474976710655.000000	14.952000	5125	0.000000
281474976710655.000000	15.192649	5126	0.000000
281474976710655.000000	14.793231	5127	0.000000
281474976710655.000000	15.691999	5128	0.000000
281474976710655.000000	14.596737	5129	0.000000
281474976710655.000000	15.356192	5130	0.000000
281474976710655.000000	14.872468	5131	0.000000
281474976710655.000000	14.736233	5132	0.000000
281474976710655.000000	15.117307	5133	0.000000
281474976710655.000000	15.327187	5134	0.000000
281474976710655.000000	14.354508	5135	0.000000
281474976710655.000000	14.952064	5136	0.000000
281474976710655.000000	14.592381	5137	0.000000
281474976710655.000000	14.926664	5138	0.000000
281474976710655.000000	14.386055	5139	0.000000
281474976710655.000000	14.943352	5140	0.000000
281474976710655.000000	14.515419	5141	0.000000
281474976710655.000000	14.577785	5142	0.000000
281474976710655.000000	14.914952	5143	0.000000
281474976710655.000000	14.768394	5144	0.000000
281474976710655.000000	14.658713	5145	0.000000
281474976710655.000000	15.198785	5146	0.000000
281474976710655.000000	14.116463	5147	0.000000
281474976710655.000000	14.808459	5148	0.000000
281474976710655.000000	14.306712	5149	0.000000
281474976710655.000000	14.614101	5150	0.000000
281474976710655.000000	14.579462	5151	0.000000
281474976710655.000000	15.168428	5152	0.000000
281474976710655.000000	14.257887	5153	0.000000
281474976710655.000000	14.260662	5154	0.000000
281474976710655.000000	14.318712	5155	0.000000
281474976710655.000000	14.226486	5156	0.000000
281474976710655.000000	14.373171	5157	0.000000
281474976710655.000000	14.832875	5158	0.000000
281474976710655.000000	14.811632	5159	0.000000
281474976710655.000000	15.110307	5160	0.000000
281474976710655.000000	14.220924	5161	0.000000
281474976710655.000000	14.353678	5162	0.000000
281474976710655.000000	13.835539	5163	0.000000
281474976710655.000000	14.411597	5164	0.000000
281474976710655.000000	14.112414	5165	0.000000
281474976710655.000000	14.606402	5166	0.000000
281474976710655.000000	14.387003	5167	0.000000
281474976710655.000000	14.149908	5168	0.000000
281474976710655.000000	13.903551	5169	0.000000
281474976710655.000000	14.354610	5170	0.000000
281474976710655.000000	14.405959	5171	0.000000
281474976710655.000000	14.485523	5172	0.000000
281474976710655.000000	13.824280	5173	0.000000
281474976710655.000000	14.545930	5174	0.000000
281474976710655.000000	14.394616	5175	0.000000
281474976710655.000000	13.778822	5176	0.000000
281474976710655.000000	13.713302	5177	0.000000
281474976710655.000000	14.001700	5178	0.000000
281474976710655.000000	14.196712	5179	0.000000
281474976710655.000000	14.027469	5180	0.000000
281474976710655.000000	14.388254	5181	0.000000
281474976710655.000000	14.567270	5182	0.000000
281474976710655.000000	13.617587	5183	0.000000
281474976710655.000000	14.291318	5184	0.000000
281474976710655.000000	13.750542	5185	0.000000
281474976710655.000000	13.857985	5186	0.000000
281474976710655.000000	13.735041	5187	0.000000
281474976710655.000000	14.353449	5188	0.000000
281474976710655.000000	13.441263	5189	0.000000
281474976710655.000000	14.277354	5190	0.000000
281474976710655.000000	13.624148	5191	0.000000
281474976710655.000000	14.057717	5192	0.000000
281474976710655.000000	13.960764	5193	0.000000
281474976710655.000000	14.090915	5194	0.000000
281474976710655.000000	13.848536	5195	0.000000
281474976710655.000000	14.088734	5196	0.000000
281474976710655.000000	13.830754	5197	0.000000
281474976710655.000000	14.101076	5198	0.000000
281474976710655.000000	13.442351	5199	0.000000
281474976710655.000000	13.392064	5200	0.000000
281474976710655.000000	13.523675	5201	0.000000
281474976710655.000000	13.640656	5202	0.000000
281474976710655.000000	13.322646	5203	0.000000
281474976710655.000000	13.834836	5204	0.000000
281474976710655.000000	13.094874	5205	0.000000
281474976710655.000000	14.124621	5206	0.000000
281474976710655.000000	13.627436	5207	0.000000
281474976710655.000000	13.764360	5208	0.000000
281474976710655.000000	13.017321	5209	0.000000
281474976710655.000000	13.721985	5210	0.000000
281474976710655.000000	13.316473	5211	0.000000
281474976710655.000000	13.566547	5212	0.000000
281474976710655.000000	13.127006	5213	0.000000
281474976710655.000000	13.511443	5214	0.000000
281474976710655.000000	13.503123	5215	0.000000
281474976710655.000000	13.746216	5216	0.000000
281474976710655.000000	13.093753	5217	0.000000
281474976710655.000000	13.544388	5218	0.000000
281474976710655.000000	13.256735	5219	0.000000
281474976710655.000000	13.384948	5220	0.000000
281474976710655.000000	13.382308	5221	0.000000
281474976710655.000000	13.183744	5222	0.000000
281474976710655.000000	12.813194	5223	0.000000
281474976710655.000000	13.128012	5224	0.000000
281474976710655.000000	12.786812	5225	0.000000
281474976710655.000000	13.545804	5226	0.000000
281474976710655.000000	13.048026	5227	0.000000
281474976710655.000000	13.504501	5228	0.000000
281474976710655.000000	13.123029	5229	0.000000
281474976710655.000000	13.347503	5230	0.000000
281474976710655.000000	12.983335	5231	0.000000
281474976710655.000000	13.459273	5232	0.000000
281474976710655.000000	13.003210	5233	0.000000
281474976710655.000000	13.422845	5234	0.000000
281474976710655.000000	12.842048	5235	0.000000
281474976710655.000000	13.477083	5236	0.000000
281474976710655.000000	12.787012	5237	0.000000
281474976710655.000000	13.450627	5238	0.000000
281474976710655.000000	12.708336	5239	0.000000
281474976710655.000000	13.496246	5240	0.000000
281474976710655.000000	12.996437	5241	0.000000
281474976710655.000000	13.544219	5242	0.000000
281474976710655.000000	12.872768	5243	0.000000
281474976710655.000000	12.794491	5244	0.000000
281474976710655.000000	12.684629	5245	0.000000
281474976710655.000000	12.876591	5246	0.000000
281474976710655.000000	12.783442	5247	0.000000
281474976710655.000000	12.795138	5248	0.000000
281474976710655.000000	12.418423	5249	0.000000
281474976710655.000000	12.774685	5250	0.000000
281474976710655.000000	12.711568	5251	0.000000
281474976710655.000000	12.664557	5252	0.000000
281474976710655.000000	12.549814	5253	0.000000
281474976710655.000000	12.758721	5254	0.000000
281474976710655.000000	12.576537	5255	0.000000
281474976710655.000000	12.792577	5256	0.000000
281474976710655.000000	12.638777	5257	0.000000
281474976710655.000000	13.016907	5258	0.000000
281474976710655.000000	12.792622	5259	0.000000
281474976710655.000000	12.725231	5260	0.000000
281474976710655.000000	12.160028	5261	0.000000
281474976710655.000000	12.376408	5262	0.000000
281474976710655.000000	12.167384	5263	0.000000
281474976710655.000000	12.844528	5264	0.000000
281474976710655.000000	12.447723	5265	0.000000
281474976710655.000000	12.528129	5266	0.000000
281474976710655.000000	12.079350	5267	0.000000
281474976710655.000000	12.297436	5268	0.000000
281474976710655.000000	12.405120	5269	0.000000
281474976710655.000000	12.815391	5270	0.000000
