num crossings	time (s)	maj axis (mm)	min axis (mm)	theta (rad )	slope (V/s)
4107	4789.182558	132.237579	1.658653	4.091597	54.095142
4109	4791.250973	132.183093	-3.538882	4.098939	54.507334
4111	4793.319279	130.480228	-3.405580	4.095934	54.653076
4113	4795.387653	129.212879	1.794761	4.093559	54.115655
4115	4797.455780	130.313523	1.696636	4.092382	53.456035
4117	4799.524076	129.957646	1.919952	4.094314	54.434168
4119	4801.592493	129.595574	1.934998	4.092010	53.705478
4121	4803.660947	128.534550	1.820554	4.094383	53.873523
4123	4805.729215	130.569519	-3.118448	4.097934	52.457507
4125	4807.797686	129.496658	-2.986514	4.095415	52.162019
4127	4809.865999	130.161897	-3.139670	4.096569	52.217095
4129	4811.934392	129.395045	-2.876499	4.095713	52.647589
4131	4814.002883	128.569625	2.229123	4.094314	51.469270
4133	4816.071092	128.685673	-2.822035	4.095065	51.943220
4135	4818.139413	128.169728	2.282883	4.092507	51.802345
4137	4820.207595	128.313944	2.559155	4.095390	51.750133
4139	4822.275943	129.080625	2.703213	4.092014	53.587692
4141	4824.344026	127.926717	2.702283	4.093706	51.770910
4143	4826.412244	128.146921	2.811967	4.093265	51.218525
4145	4828.480378	128.433410	2.883787	4.090794	51.388583
4147	4830.548691	127.464908	2.789428	4.095321	50.395048
4149	4832.616785	128.396632	2.787677	4.092362	50.799492
4151	4834.685024	128.432839	2.813786	4.089435	49.577778
4153	4836.753391	128.137072	-2.832095	4.097764	51.084942
4155	4838.821582	127.158585	2.961906	4.094348	50.006050
4157	4840.889989	126.187268	2.833253	4.093310	50.511218
4159	4842.958502	126.283801	2.645833	4.092414	50.730992
4161	4845.026748	125.874517	2.698586	4.092360	52.186094
4163	4847.095189	126.556052	3.259440	4.094436	51.099413
4165	4849.163640	125.997997	3.312221	4.094070	49.528636
4167	4851.231879	126.440259	-2.567369	4.094143	49.870995
4169	4853.300384	125.364759	3.078874	4.093155	51.011329
4171	4855.368780	125.372226	3.113145	4.095213	49.331291
4173	4857.436905	126.184582	-2.170907	4.098623	49.107857
4175	4859.505247	125.230329	-2.144303	4.094461	49.986500
4177	4861.573445	125.117535	3.154612	4.095401	49.592745
4179	4863.641844	125.199209	-2.057765	4.095116	49.189457
4181	4865.710110	124.026169	-1.643071	4.096868	46.923206
4183	4867.778201	125.511484	-1.607078	4.098958	49.092850
4185	4869.846323	124.622046	-1.951992	4.096507	48.381392
4187	4871.914798	124.229696	3.409563	4.097532	48.192588
4189	4873.982946	123.755019	3.055914	4.094245	48.332855
4191	4876.051201	124.086528	3.064123	4.093172	48.913788
4193	4878.119520	122.922076	2.913800	4.092602	49.088127
4195	4880.187589	123.716148	3.408768	4.095458	48.086027
4197	4882.255925	123.021341	3.316313	4.096380	47.887621
4199	4884.324114	123.273885	3.105154	4.091041	47.558175
4201	4886.392391	123.031011	3.659319	4.097910	48.139680
4203	4888.460405	122.887631	3.756282	4.098036	47.157278
4205	4890.528649	122.767838	3.610842	4.097790	46.614327
4207	4892.596494	122.419803	3.674748	4.097606	46.949930
4209	4894.664675	122.335156	3.827806	4.100503	47.806917
4211	4896.732664	121.684911	3.517576	4.097233	46.603372
4213	4898.800856	121.911641	-1.059681	4.098372	46.316020
4215	4900.868916	121.080751	3.457305	4.098859	46.376893
4217	4902.937004	120.921375	3.311304	4.096749	45.211703
4219	4905.005197	120.293797	3.284207	4.096356	46.701848
4221	4907.073338	121.340939	3.882034	4.100840	46.879228
4223	4909.141655	121.081885	4.008510	4.101688	45.437616
4225	4911.209904	121.535963	4.140329	4.101111	47.077044
4227	4913.278067	121.422512	3.900055	4.097719	47.164120
4229	4915.346483	121.251773	3.798177	4.095026	45.667190
4231	4917.414535	121.063424	4.234612	4.102215	46.382223
4233	4919.482783	120.978715	4.195974	4.101078	46.116527
4235	4921.551208	119.729891	3.764798	4.100536	46.329355
4237	4923.619311	120.040771	4.271153	4.105074	45.399807
4239	4925.687537	116.763494	1.793998	4.100346	45.974425
4241	4927.755542	120.093455	-0.441359	4.103759	45.125214
4243	4929.823797	119.293443	4.168127	4.106175	45.070973
4245	4931.891809	119.989955	-0.380474	4.103955	45.179160
4247	4933.959818	119.245870	-0.598128	4.106077	44.812692
4249	4936.027930	119.139123	-0.299116	4.108020	45.524019
4251	4938.095913	119.477257	-0.361442	4.108161	45.103053
4253	4940.164099	119.133977	-0.607611	4.109412	43.827472
4255	4942.232159	120.108060	-0.750182	4.111492	44.854391
4257	4944.300296	118.187080	4.514738	4.109922	43.269006
4259	4946.368237	119.064673	-0.601378	4.109378	44.984894
4261	4948.436459	118.815530	-0.501232	4.114032	44.921950
4263	4950.504435	118.636574	4.817681	4.110066	44.559531
4265	4952.572638	117.884282	4.716310	4.112248	44.474198
4267	4954.640651	118.223773	-0.523907	4.111442	44.238853
4269	4956.708643	118.805881	4.940116	4.109211	44.558556
4271	4958.776454	117.191282	-0.180239	4.114086	43.524041
4273	4960.844483	117.664603	-0.207098	4.114383	43.533100
4275	4962.912325	117.839413	4.979205	4.114419	43.594578
4277	4964.980387	117.410164	4.928450	4.113790	43.049269
4279	4967.048430	117.435153	4.962090	4.114640	42.867310
4281	4969.116435	116.814110	4.917411	4.115179	42.256676
4283	4971.184428	116.749111	5.069116	4.116894	42.978062
4285	4973.252513	117.527579	5.054684	4.112703	42.857017
4287	4975.320502	116.072815	5.160847	4.119426	42.309586
4289	4977.388638	116.546823	5.339404	4.118605	42.471855
4291	4979.456705	116.995051	-0.123582	4.121556	43.002497
4293	4981.524815	115.718366	5.311292	4.119555	41.973289
4295	4983.592925	117.099400	-0.215904	4.120725	42.311415
4297	4985.661045	115.886111	0.185309	4.119941	41.438506
4299	4987.729076	115.417705	4.834434	4.117666	42.494297
4301	4989.797145	115.575656	4.960631	4.115926	42.588626
4303	4991.865379	115.647104	5.302299	4.120785	41.834205
4305	4993.933463	115.280297	5.263982	4.123105	42.199215
4307	4996.001343	111.999054	2.847775	4.118625	41.636796
4309	4998.069457	115.384178	0.098837	4.123691	41.021360
4311	5000.137249	115.144684	0.126120	4.125168	41.379686
4313	5002.205438	115.604960	0.050209	4.128217	41.008605
4315	5004.273263	114.434343	5.491578	4.125736	42.144641
4317	5006.341071	114.323625	5.582089	4.127458	41.437178
4319	5008.409261	114.973937	0.175500	4.128789	42.030527
4321	5010.477312	114.705177	0.359086	4.131107	40.605326
4323	5012.545161	114.590897	5.695747	4.128796	41.082465
4325	5014.613277	114.140662	5.595276	4.128763	40.691367
4327	5016.681040	114.078477	5.857850	4.130212	41.175483
4329	5018.749121	113.972266	0.414709	4.132530	40.960586
4331	5020.816929	113.785614	0.458550	4.130715	40.260899
4333	5022.884962	113.398351	5.859849	4.133435	39.518095
4335	5024.952855	112.794570	5.929201	4.134228	40.416656
4337	5027.020643	113.360334	5.839862	4.132060	39.538573
4339	5029.088401	112.908217	0.837060	4.134034	40.617866
4341	5031.156238	112.761709	6.010164	4.136607	40.703245
4343	5033.224010	113.094720	0.496799	4.135699	39.553848
4345	5035.291795	112.083696	6.065313	4.137834	39.658837
4347	5037.359872	112.786886	6.179716	4.138066	39.894629
4349	5039.427937	112.157236	6.092446	4.138363	39.157351
4351	5041.495663	112.362387	5.927231	4.135888	40.098593
4353	5043.563837	111.776106	0.962055	4.142062	38.641037
4355	5045.631608	112.312755	0.819086	4.140695	40.055634
4357	5047.699662	111.901290	6.215054	4.140438	39.243457
4359	5049.767518	110.794388	6.033798	4.141219	38.712963
4361	5051.835566	110.624194	6.056036	4.142776	39.299415
4363	5053.903513	111.465424	0.931591	4.142607	39.356486
4365	5055.971499	111.352542	1.111280	4.145592	39.381914
4367	5058.039673	111.492111	1.007695	4.144251	38.359427
4369	5060.107745	110.899932	1.201682	4.147733	38.958518
4371	5062.175463	111.488518	1.101407	4.151389	39.148760
4373	5064.243335	110.742097	6.356857	4.147188	38.622583
4375	5066.311435	110.983461	6.389438	4.147003	38.179517
4377	5068.379302	111.277774	0.996910	4.150304	39.057290
4379	5070.447112	110.732146	1.076432	4.149481	38.321594
4381	5072.514879	111.001786	6.448879	4.147952	38.488716
4383	5074.582631	110.488204	1.105134	4.153493	38.178326
4385	5076.650608	110.000283	6.465182	4.151311	37.416017
4387	5078.718380	110.357567	6.514187	4.151076	37.577372
4389	5080.786059	109.737670	6.531872	4.154254	38.275194
4391	5082.854181	109.779392	6.738436	4.155038	37.047087
4393	5084.922145	109.650498	6.734751	4.157838	36.912598
4395	5086.989973	109.475636	6.756431	4.157886	36.564082
4397	5089.057791	109.786246	6.859829	4.157931	36.255997
4399	5091.125304	110.130119	1.016004	4.162760	37.655249
4401	5093.193233	109.289139	6.964594	4.158950	36.915286
4403	5095.261020	109.759804	7.025685	4.158255	36.883249
4405	5097.328788	109.376050	7.169251	4.161881	35.932316
4407	5099.396331	109.495480	7.147992	4.161007	37.178713
4409	5101.464240	108.924001	7.312112	4.163890	36.113292
4411	5103.531859	108.397747	7.060978	4.163989	37.331832
4413	5105.599785	108.833465	7.387465	4.167726	36.540433
4415	5107.667429	108.409942	7.328210	4.167274	36.584226
4417	5109.735263	108.752327	7.285835	4.166894	36.422832
4419	5111.803146	108.163220	7.367633	4.170447	36.770466
4421	5113.871256	107.573524	7.119755	4.168781	36.614059
4423	5115.939095	107.717537	7.374121	4.171316	36.215850
4425	5118.007028	107.585555	7.518716	4.172810	36.315189
4427	5120.074716	107.071319	7.262245	4.170768	36.100827
4429	5122.142567	107.497420	7.444050	4.173892	35.803279
4431	5124.210550	107.701722	7.519862	4.172165	35.988631
4433	5126.278340	107.359105	7.413316	4.173264	35.286336
4435	5128.346033	107.942645	7.419446	4.171838	36.779659
4437	5130.413957	106.956658	7.375752	4.176591	34.941402
4439	5132.481759	106.561808	7.338866	4.176962	35.442218
4441	5134.549587	106.244824	7.171429	4.177222	34.965395
4443	5136.617396	106.823112	7.584582	4.178719	36.100440
4445	5138.685235	106.007756	7.407059	4.180151	35.488159
4447	5140.752898	107.042856	1.750490	4.186756	35.408971
4449	5142.820856	105.786662	7.357049	4.181708	34.423097
4451	5144.888387	106.119060	7.541280	4.184620	34.636402
4453	5146.956158	105.820879	7.352409	4.183143	35.299399
4455	5149.024017	105.333858	7.316027	4.183972	34.573275
4457	5151.091781	105.918524	7.471406	4.182643	34.596459
4459	5153.159537	105.750677	7.503149	4.185385	34.974563
4461	5155.227293	105.504935	7.620016	4.188133	34.631197
4463	5157.294832	105.552227	1.966525	4.191014	34.468829
4465	5159.362722	105.317397	2.109801	4.190626	34.897201
4467	5161.430272	104.564084	2.249118	4.192395	33.424556
4469	5163.497820	101.252477	4.882491	4.186730	34.004962
4471	5165.565687	104.941681	2.225895	4.193399	33.649251
4473	5167.633147	104.213453	7.554735	4.194042	34.432141
4475	5169.701141	104.229420	7.696215	4.194281	34.165779
4477	5171.768617	104.647444	7.649400	4.192228	33.257399
4479	5173.836287	104.352073	7.836161	4.196711	33.921712
4481	5175.904151	104.076550	7.621568	4.194500	33.979650
4483	5177.971949	103.552678	7.676630	4.198767	33.307351
4485	5180.039678	103.526244	7.695382	4.199379	32.756849
4487	5182.107476	103.391566	7.722958	4.200254	33.277515
4489	5184.175053	103.425069	2.536246	4.202820	33.429550
4491	5186.243083	102.638792	7.627445	4.200151	33.574590
4493	5188.310812	103.296571	2.545660	4.203521	32.762378
4495	5190.378491	103.337374	2.644707	4.207095	33.095938
4497	5192.446277	103.061442	2.539845	4.206355	33.452877
4499	5194.514216	103.553107	2.398284	4.211591	33.007272
4501	5196.581961	103.018227	2.333746	4.207989	32.326082
4503	5198.649718	102.596748	7.643438	4.205146	32.539463
4505	5200.717468	102.552453	7.921719	4.210670	32.756772
4507	5202.785114	102.666099	7.740322	4.206223	32.774109
4509	5204.852797	101.928283	7.758197	4.210608	33.012456
4511	5206.920517	102.081720	7.930903	4.212703	32.800802
4513	5208.988386	102.027324	7.956773	4.213537	32.200437
4515	5211.055967	101.922028	2.645680	4.218679	32.904566
4517	5213.123592	101.398179	8.008939	4.216283	31.778033
4519	5215.191059	101.668938	8.058170	4.216867	32.806597
4521	5217.258705	101.446786	8.110079	4.219244	31.685634
4523	5219.326664	102.017634	8.112009	4.215163	32.276070
4525	5221.394216	100.880989	8.077341	4.220188	32.040311
4527	5223.461645	101.016577	7.872599	4.218596	32.343949
4529	5225.529417	101.103902	8.122693	4.221590	32.121431
4531	5227.597219	100.349766	8.036331	4.222655	32.219766
4533	5229.664413	100.703146	8.203597	4.224162	31.676253
4535	5231.732253	100.401195	8.194586	4.226129	31.284188
4537	5233.799777	100.296002	8.111268	4.226007	31.110062
4539	5235.867372	100.367410	2.837804	4.227603	31.677848
4541	5237.934980	100.186912	7.987798	4.225388	31.717674
4543	5240.002407	100.528218	8.227219	4.225629	31.015294
4545	5242.070220	99.801032	8.136171	4.230063	30.888197
4547	5244.137978	99.951729	8.266745	4.230606	31.749730
4549	5246.205628	99.887704	3.014838	4.234516	30.828657
4551	5248.273351	99.980084	2.956372	4.233630	29.816745
4553	5250.340960	99.170058	3.250164	4.237584	31.166979
4555	5252.408736	99.763850	3.187884	4.238643	30.302106
4557	5254.476419	99.209276	3.313898	4.238626	30.918656
4559	5256.543993	99.439430	3.176210	4.237556	30.588883
4561	5258.611869	98.740586	8.285549	4.237716	31.020461
4563	5260.679588	99.052900	8.397867	4.240497	30.439715
4565	5262.747002	99.043915	3.230969	4.244036	30.524642
4567	5264.814808	98.606625	8.346006	4.241598	29.738806
4569	5266.882495	98.736171	8.357091	4.242136	29.872850
4571	5268.950311	98.829917	8.239275	4.240773	30.381497
4573	5271.017779	98.350183	8.394243	4.245965	30.780288
4575	5273.085363	98.095870	8.451637	4.247024	30.289029
4577	5275.153005	98.564124	3.204072	4.251215	30.065090
4579	5277.220661	98.493079	3.195823	4.251209	29.682135
4581	5279.288442	98.298174	3.281460	4.253386	30.047953
4583	5281.355776	97.982085	3.363792	4.253609	29.755859
4585	5283.423656	98.405073	3.315161	4.255799	29.770849
4587	5285.491117	97.831439	3.446769	4.256462	29.086057
4589	5287.558613	97.769543	3.473499	4.257212	29.401467
4591	5289.626349	97.028952	8.552729	4.254844	28.937384
4593	5291.693678	93.818596	6.048934	4.252820	29.428488
4595	5293.761356	97.450340	8.789502	4.258553	29.710855
4597	5295.828982	96.821829	8.531076	4.257748	28.809784
4599	5297.896459	93.890761	6.114693	4.257194	28.756617
4601	5299.963816	96.774647	8.865633	4.262964	29.167226
4603	5302.031343	96.634279	8.760558	4.262290	28.970531
4605	5304.099030	96.824277	8.966064	4.263810	29.371820
4607	5306.166299	96.451517	8.727493	4.261825	28.864145
4609	5308.233721	96.937167	8.633537	4.260044	28.977708
4611	5310.301350	95.910483	8.553751	4.264270	28.989503
4613	5312.369325	96.091765	8.690014	4.266132	27.912062
4615	5314.436599	96.157968	3.618771	4.273208	28.941122
4617	5316.504184	96.210519	3.568445	4.273052	28.821480
4619	5318.572094	96.344610	3.564061	4.273778	28.863536
4621	5320.639605	96.058337	3.532148	4.275872	28.301609
4623	5322.707310	96.401411	3.625378	4.280023	29.486009
4625	5324.774953	95.864902	3.707399	4.278080	28.387947
4627	5326.842548	95.603367	3.645250	4.278118	28.106961
4629	5328.910275	95.619616	3.673106	4.279732	27.821885
4631	5330.977687	95.554552	3.707918	4.281821	28.039273
4633	5333.045535	94.716275	8.780172	4.279023	28.381734
4635	5335.112912	94.647389	8.506957	4.276466	28.314780
4637	5337.180430	91.711724	6.458654	4.278563	27.997877
4639	5339.248073	94.815592	3.867018	4.285227	28.343164
4641	5341.315604	94.528662	3.890626	4.286502	28.283742
4643	5343.383331	93.708788	8.964588	4.285706	28.216994
4645	5345.450898	94.611884	9.071884	4.290388	27.876384
4647	5347.518330	93.941307	8.781626	4.285998	27.956618
4649	5349.585795	91.223016	6.573357	4.288338	26.975801
4651	5351.653449	94.136199	9.111789	4.289266	26.933682
4653	5353.720937	93.715825	8.982718	4.290554	27.693764
4655	5355.788370	94.029791	9.155118	4.291532	27.978945
4657	5357.855985	93.335469	8.998966	4.290800	26.628494
4659	5359.923177	93.497496	9.167689	4.294842	27.377659
4661	5361.990646	93.352409	9.201131	4.296429	27.225479
4663	5364.058117	93.614785	3.884368	4.299214	27.242732
4665	5366.125747	93.064465	9.058378	4.296494	27.207761
4667	5368.192998	93.138847	9.194926	4.299731	26.654998
4669	5370.260507	93.206810	8.972422	4.296634	26.453774
4671	5372.327721	92.914301	9.203965	4.302358	26.763303
4673	5374.395535	92.576472	9.041024	4.300442	26.698985
4675	5376.462843	92.877615	9.373244	4.304563	26.242115
4677	5378.530270	92.266955	9.043704	4.302064	26.500297
4679	5380.597731	92.581322	9.407025	4.305863	26.990588
4681	5382.665394	91.878183	9.500248	4.308075	27.092762
4683	5384.733025	92.345801	9.527902	4.309435	26.845578
4685	5386.800524	92.466873	9.679462	4.311423	26.409315
4687	5388.867942	92.150375	9.349586	4.310085	26.734507
4689	5390.935679	91.877378	9.511390	4.313523	26.620875
4691	5393.002892	92.110005	9.471584	4.312872	26.365394
4693	5395.070827	91.774484	9.398390	4.313623	26.504787
4695	5397.138180	91.639421	9.406257	4.313992	25.940048
4697	5399.205907	91.498522	9.383685	4.315753	26.057547
4699	5401.273477	91.488035	9.443691	4.317585	26.438680
4701	5403.340899	91.280887	9.389598	4.320055	25.558109
4703	5405.408606	91.156770	9.180615	4.317871	26.228369
4705	5407.475816	91.618750	4.381194	4.325481	26.031825
4707	5409.543314	87.960489	7.059087	4.319875	25.739526
4709	5411.611180	91.078755	4.500859	4.328923	25.240746
4711	5413.678255	90.101354	9.311658	4.325119	25.740200
4713	5415.745857	90.694471	9.380791	4.324814	25.791145
4715	5417.813435	90.314250	9.306049	4.326539	25.497518
4717	5419.880678	90.419815	9.344816	4.327213	25.678406
4719	5421.948042	90.373156	9.505869	4.328028	25.223064
4721	5424.015481	90.332259	9.565417	4.331315	25.612230
4723	5426.082968	89.910147	9.369471	4.330214	25.680393
4725	5428.150355	89.877042	9.570943	4.332377	25.560924
4727	5430.217861	90.063748	9.629922	4.335510	25.445948
4729	5432.285231	89.600074	9.558047	4.336437	25.041412
4731	5434.352495	89.657744	9.599690	4.337426	24.508927
4733	5436.419927	89.234124	9.373219	4.335368	24.797096
4735	5438.487454	89.331034	9.562779	4.338553	23.990542
4737	5440.554676	89.352419	9.719355	4.341819	24.946929
4739	5442.622390	89.169233	9.578469	4.340429	25.729501
4741	5444.689706	89.237799	9.678007	4.343350	24.880193
4743	5446.757315	88.908307	9.716462	4.344725	24.884811
4745	5448.824318	89.002065	9.699956	4.346133	24.360110
4747	5450.891966	88.963249	9.806218	4.345985	24.446935
4749	5452.959335	88.469848	9.520678	4.346071	24.491154
4751	5455.027007	88.473184	9.636175	4.347847	24.020718
4753	5457.094318	88.557451	9.709922	4.349297	24.865058
4755	5459.162063	88.646823	9.880245	4.351632	24.793043
4757	5461.229607	88.362522	9.819398	4.353220	24.174208
4759	5463.297152	88.251161	9.879160	4.354296	23.694079
4761	5465.364588	88.129687	9.843647	4.356369	24.354018
4763	5467.432291	88.201766	9.691882	4.353391	23.660347
4765	5469.499612	88.144967	9.883358	4.356093	24.399091
4767	5471.566811	87.691526	9.757090	4.358586	23.561269
4769	5473.634311	87.628648	9.757448	4.359589	23.761842
4771	5475.701785	87.585370	9.822522	4.360760	23.557340
4773	5477.768959	87.617417	9.795739	4.362428	23.777790
4775	5479.836362	87.047547	9.554860	4.361996	23.868417
4777	5481.904087	87.405620	9.745351	4.363723	23.602274
4779	5483.971539	87.443365	5.104904	4.368921	23.581949
4781	5486.038654	86.831250	9.590489	4.364023	23.276452
4783	5488.106321	87.149736	9.641459	4.363360	23.240756
4785	5490.173738	86.663078	9.700497	4.367284	23.714864
4787	5492.241259	86.636668	9.855753	4.370468	23.018646
4789	5494.308232	86.680246	9.961088	4.371144	23.422410
4791	5496.375811	86.466222	9.787978	4.371272	22.752557
4793	5498.443039	86.170410	9.687090	4.370817	22.978428
4795	5500.510192	86.282184	9.950043	4.374204	22.431192
4797	5502.577643	86.066079	9.870224	4.375397	23.084751
4799	5504.645018	86.192921	9.948248	4.375786	22.910376
4801	5506.712319	85.936002	9.920728	4.378497	23.214539
4803	5508.779709	85.711490	9.730647	4.377644	23.001645
4805	5510.847307	85.460615	10.077821	4.378879	22.920578
4807	5512.914394	85.551416	9.861683	4.381128	22.873035
4809	5514.981708	85.520810	10.045296	4.383996	22.908243
4811	5517.049276	85.555862	10.036702	4.385313	22.716190
4813	5519.116591	85.534828	10.067419	4.386589	22.711868
4815	5521.183969	85.154409	9.866928	4.385559	22.707246
4817	5523.251771	85.435701	10.085011	4.387088	22.768402
4819	5525.318743	84.797660	9.889958	4.386966	22.388161
4821	5527.386427	85.070740	10.080693	4.391499	21.959726
4823	5529.453857	81.997293	7.759670	4.393970	21.762723
4825	5531.521151	84.999773	5.317626	4.399637	22.352565
4827	5533.588646	84.610999	10.087503	4.393878	21.785851
4829	5535.655986	84.369358	9.930044	4.393757	22.192531
4831	5537.723629	84.366681	9.857086	4.394603	22.182120
4833	5539.790999	84.276150	9.993442	4.397944	22.019822
4835	5541.858217	84.487334	5.465230	4.405669	22.051492
4837	5543.925934	83.997698	9.965495	4.398702	21.948452
4839	5545.993144	83.907052	9.953779	4.399560	22.260339
4841	5548.060726	84.031123	9.995322	4.400232	22.346437
4843	5550.128008	83.741784	9.952105	4.401870	21.972306
4845	5552.195089	83.767739	10.071241	4.404730	22.013081
4847	5554.262853	83.477865	10.305755	4.406092	22.753195
4849	5556.329962	83.488366	10.171418	4.407649	21.624701
4851	5558.397085	83.683678	5.601818	4.413945	21.972318
4853	5560.464306	83.554098	10.333628	4.410739	22.026702
4855	5562.531616	83.360613	10.234967	4.410668	21.370021
4857	5564.598948	83.419833	10.340217	4.412416	21.515472
4859	5566.666783	82.949952	10.535746	4.412968	21.202106
4861	5568.733577	83.093562	10.281532	4.413977	21.769739
4863	5570.800846	83.045608	10.417337	4.417296	21.341894
4865	5572.868198	82.836644	10.309422	4.416728	20.771338
4867	5574.935556	82.891182	10.415341	4.418948	20.961111
4869	5577.003036	82.565982	10.288504	4.417992	20.958984
4871	5579.069929	82.404118	10.183684	4.419764	21.427315
4873	5581.137437	82.760386	10.463830	4.421925	20.998324
4875	5583.204690	82.475280	5.676097	4.429712	20.954766
4877	5585.272261	79.296176	8.153229	4.424928	21.134736
4879	5587.339584	82.251771	10.306446	4.424553	21.072062
4881	5589.406818	81.728360	10.179114	4.425122	21.200064
4883	5591.474067	81.839743	10.259253	4.427090	20.722286
4885	5593.541756	81.691631	10.246744	4.427837	20.707039
4887	5595.609239	81.985880	5.765492	4.434177	20.881103
4889	5597.675993	81.554938	10.330625	4.431566	20.784903
4891	5599.743969	81.484694	10.369749	4.431378	20.445154
4893	5601.811347	81.141638	5.980688	4.438725	20.261258
4895	5603.878599	81.409965	10.309186	4.432105	20.330297
4897	5605.946013	81.083365	10.374537	4.434231	20.440794
4899	5608.013436	80.889548	10.283914	4.435154	20.541122
4901	5610.080603	80.943197	10.368126	4.438499	20.195239
4903	5612.148255	81.136921	5.890261	4.445867	20.555419
4905	5614.215331	80.647436	10.268849	4.439142	19.979791
4907	5616.282811	80.814315	10.442908	4.441963	19.664860
4909	5618.349789	80.459113	10.275149	4.442005	20.273290
4911	5620.417069	80.343262	10.465887	4.445101	20.147730
4913	5622.484063	80.596660	10.485072	4.443765	20.593533
4915	5624.551611	80.521455	10.570155	4.445518	19.783508
4917	5626.618658	80.034184	10.319978	4.446208	19.999870
4919	5628.685639	79.852619	10.356896	4.448873	19.826329
4921	5630.753354	80.167318	10.603078	4.451388	19.634632
4923	5632.820115	79.661422	10.527401	4.450496	19.697731
4925	5634.887631	79.792070	10.585980	4.451924	19.374099
4927	5636.954900	79.781001	10.583177	4.453091	20.038563
4929	5639.021867	79.680431	10.735992	4.457270	19.682627
4931	5641.088975	79.376844	10.510823	4.455705	19.421666
4933	5643.156486	78.997858	10.602452	4.456020	19.297971
4935	5645.223787	79.400603	10.724702	4.458667	19.244208
4937	5647.290889	79.091756	10.541556	4.460198	18.941644
4939	5649.358306	78.872851	10.505410	4.459574	19.139963
4941	5651.425517	79.169443	10.734764	4.463080	19.345262
4943	5653.492857	79.041440	10.696340	4.464031	19.083028
4945	5655.560145	78.811905	10.675005	4.465789	19.154844
4947	5657.627763	78.526428	10.543530	4.465507	19.157446
4949	5659.694768	78.764176	10.688299	4.466574	19.213418
4951	5661.762152	78.629658	10.755982	4.467171	19.188579
4953	5663.829478	78.356582	10.576231	4.468728	18.710171
4955	5665.896931	78.326055	10.693047	4.472182	19.215751
4957	5667.964306	78.150590	10.545395	4.469814	18.560392
4959	5670.031369	77.871724	10.494618	4.472547	19.102034
4961	5672.099072	77.935927	10.607141	4.474355	19.231365
4963	5674.166393	77.917021	10.622523	4.474257	18.884058
4965	5676.233256	77.872543	10.739913	4.477504	18.878141
4967	5678.300973	77.642869	10.754974	4.478037	18.887433
4969	5680.368071	77.738235	10.726673	4.477153	18.495985
4971	5682.435045	77.615935	10.783664	4.480572	19.002504
4973	5684.502590	77.400867	10.959694	4.482319	18.137535
4975	5686.569587	77.439238	10.845741	4.484131	18.517280
4977	5688.637114	77.305147	10.892404	4.485195	18.822449
4979	5690.704154	77.193619	10.815844	4.486395	18.443870
4981	5692.771578	76.992576	10.834690	4.486696	18.776931
4983	5694.838801	77.145038	10.925678	4.488830	18.168582
4985	5696.905992	77.124109	11.002229	4.489374	18.448487
4987	5698.972553	76.757409	10.999903	4.489281	17.929304
4989	5701.040344	77.114044	11.109286	4.492957	18.290688
4991	5703.107324	76.815226	11.041083	4.494204	18.029524
4993	5705.174502	76.738153	11.021357	4.494130	18.276810
4995	5707.241696	76.740410	11.075747	4.496272	18.017453
4997	5709.308571	76.542160	11.160557	4.498451	18.177144
4999	5711.376208	76.320379	11.077484	4.499575	18.218548
5001	5713.443141	76.245109	11.049101	4.499496	17.914420
5003	5715.510437	76.407403	11.138153	4.501242	17.582072
5005	5717.577957	76.210207	11.200015	4.501664	18.228787
5007	5719.645043	76.096312	11.154004	4.502314	18.086456
5009	5721.711919	75.856162	11.012490	4.503427	17.854459
5011	5723.779617	75.925349	11.170006	4.505731	17.841335
5013	5725.846480	75.576544	11.001704	4.506571	17.527760
5015	5727.913821	75.545590	11.182397	4.507346	17.761598
5017	5729.981429	75.648482	11.114569	4.509673	17.670886
5019	5732.048496	75.419991	11.133777	4.509916	17.867483
5021	5734.115818	75.387545	11.171577	4.510818	17.707872
5023	5736.183275	75.247649	11.068465	4.512838	17.678919
5025	5738.250409	75.168544	11.195705	4.512817	17.803824
5027	5740.317453	74.763617	10.901686	4.514073	17.665410
5029	5742.385180	74.971971	11.113605	4.516862	17.169096
5031	5744.452066	74.962046	11.160641	4.517686	17.182822
5033	5746.519441	74.866409	11.235394	4.518532	17.299720
5035	5748.586788	74.787516	11.140901	4.520063	17.123947
5037	5750.653476	74.446390	11.117825	4.519021	17.252901
5039	5752.720973	74.588823	11.139970	4.521961	17.410836
5041	5754.788036	74.307543	11.095679	4.522550	17.069212
5043	5756.855315	74.105892	11.013768	4.523329	17.734237
5045	5758.922669	74.078965	11.021287	4.524800	16.688976
5047	5760.989350	73.860105	11.201048	4.526359	16.806497
5049	5763.056916	74.278044	11.269842	4.526642	17.862770
5051	5765.123609	73.934806	11.284112	4.529604	16.846783
5053	5767.191433	73.822181	11.196269	4.531043	16.675705
5055	5769.258153	73.837938	11.288869	4.530378	16.411890
5057	5771.325361	73.578371	11.181153	4.532360	16.829549
5059	5773.392548	73.383352	11.042620	4.532409	16.251069
5061	5775.459270	73.431366	11.135098	4.534462	16.772950
5063	5777.526603	73.311274	11.215583	4.536515	16.351113
5065	5779.593940	73.337653	11.213503	4.535875	16.473837
5067	5781.660825	72.918812	11.024269	4.537639	16.448403
5069	5783.728393	72.948123	11.137134	4.540368	16.551490
5071	5785.795679	72.851580	11.129121	4.539946	16.066993
5073	5787.862428	72.547487	10.924358	4.539542	16.427438
5075	5789.930014	72.635209	11.142716	4.541582	16.295585
5077	5791.997018	72.570550	11.170427	4.543137	16.331812
5079	5794.064544	72.591584	11.218021	4.543904	16.429656
5081	5796.131532	72.418587	11.367905	4.546565	16.027227
5083	5798.199053	72.414114	11.244338	4.547291	15.967747
5085	5800.266039	72.246475	11.194852	4.548631	16.281969
5087	5802.333606	72.221806	11.281099	4.549362	16.045165
5089	5804.400593	72.292456	11.416462	4.552637	16.161623
5091	5806.467856	72.252443	11.403741	4.553081	15.951340
5093	5808.535051	72.129661	11.488682	4.554477	15.809635
5095	5810.601928	71.839626	11.391115	4.553977	15.711849
5097	5812.669080	71.851252	11.491503	4.556843	16.056615
5099	5814.736666	71.776207	11.402284	4.557319	15.923966
5101	5816.803771	71.761418	11.419157	4.559125	15.902326
5103	5818.871012	71.792692	11.556723	4.560385	15.656358
5105	5820.937946	71.820208	11.563672	4.563214	15.492662
5107	5823.004991	71.516067	11.696953	4.562558	15.347244
5109	5825.072187	71.358151	11.344413	4.564328	15.871656
5111	5827.138940	71.229998	11.529213	4.564620	15.302263
5113	5829.206425	71.456011	11.666332	4.567094	15.424323
5115	5831.273419	71.131786	11.738102	4.566490	15.097017
5117	5833.340465	71.266779	11.762521	4.569786	15.501022
5119	5835.407528	70.982527	11.720477	4.569532	15.375752
5121	5837.474477	71.021889	11.836822	4.571763	15.276975
5123	5839.540940	71.026644	11.751019	4.573291	15.089975
5125	5841.609059	70.825899	11.664711	4.572235	15.453501
5127	5843.675969	70.980734	11.899455	4.575067	15.440608
5129	5845.743197	70.606936	11.765517	4.577159	15.493571
5131	5847.810379	68.538122	9.609757	4.580002	15.183319
5133	5849.877287	68.299263	9.605087	4.580641	14.909597
5135	5851.944367	70.434857	11.668078	4.579688	15.061855
5137	5854.011614	70.117351	11.780505	4.580730	15.191897
5139	5856.078736	69.889631	11.536152	4.582251	14.737453
5141	5858.145657	69.867296	11.534961	4.583342	14.845260
5143	5860.213240	69.682046	11.557058	4.584104	14.815131
5145	5862.280353	69.787893	11.791852	4.584539	14.995736
5147	5864.347377	69.810471	11.677347	4.586264	15.107204
5149	5866.414460	69.730472	11.731391	4.588567	14.937971
5151	5868.481966	69.313479	11.534902	4.589416	14.836743
5153	5870.549055	69.412093	11.708148	4.591409	14.962399
5155	5872.615921	67.416195	9.726340	4.593662	14.542648
5157	5874.683555	67.326042	9.739259	4.594191	14.407879
5159	5876.750679	67.190657	9.745273	4.595416	14.602198
5161	5878.817903	69.121300	11.772488	4.595082	14.910572
5163	5880.884868	68.810123	11.523444	4.596402	14.658194
5165	5882.952115	68.851463	11.686647	4.597081	14.627886
5167	5885.019164	68.560354	11.464199	4.596751	14.451359
5169	5887.085978	68.703879	11.690956	4.599141	14.327285
5171	5889.152898	68.775565	11.918658	4.602755	14.526970
5173	5891.220382	68.639054	11.868904	4.600900	14.709162
5175	5893.287552	68.591908	11.875489	4.604581	14.429247
5177	5895.354085	68.474242	11.816707	4.605441	14.351012
5179	5897.421517	68.400784	12.003674	4.605428	14.210033
5181	5899.488723	68.547975	12.039094	4.607579	13.839974
5183	5901.555600	68.247913	11.833038	4.608569	14.367962
5185	5903.622577	68.122815	11.838696	4.609666	14.217660
5187	5905.688927	66.270863	9.882834	4.613564	14.043399
5189	5907.756649	66.354897	9.927257	4.613288	14.347391
5191	5909.823240	67.864166	11.846402	4.613267	14.057292
5193	5911.890455	68.020542	12.016804	4.614847	13.816593
5195	5913.957815	66.070929	9.948920	4.618270	13.763749
5197	5916.024858	65.737125	9.956376	4.619131	14.052468
5199	5918.091662	65.488434	9.936240	4.620630	13.885547
5201	5920.158570	65.698773	9.959929	4.621248	13.553554
5203	5922.225983	67.229376	11.850438	4.620689	13.758548
5205	5924.292606	65.451142	9.983951	4.623309	14.037361
5207	5926.360280	65.534849	10.065977	4.623979	13.910603
5209	5928.427123	65.525798	10.078076	4.625554	13.925425
5211	5930.494407	65.390769	10.069335	4.626643	13.839121
5213	5932.561803	66.618472	11.709126	4.625746	13.750020
5215	5934.628799	66.717235	11.917462	4.626742	13.329565
5217	5936.695557	66.628996	11.929007	4.627921	13.679216
5219	5938.762922	66.658220	11.923539	4.629157	13.493134
5221	5940.830218	64.606097	10.041243	4.633215	13.469369
5223	5942.896889	64.962325	10.091830	4.633601	13.399119
5225	5944.964139	66.437000	11.959228	4.633374	13.224956
5227	5947.031073	66.380016	12.058665	4.635025	13.472302
5229	5949.098454	66.198099	12.039300	4.635642	13.235882
5231	5951.165187	66.074515	11.997948	4.636951	13.249742
5233	5953.232756	66.165229	12.089761	4.639182	13.371466
5235	5955.299497	65.948584	12.016892	4.640635	13.369874
5237	5957.366511	65.853112	11.902487	4.639753	13.506026
5239	5959.433526	65.748445	11.942025	4.640913	13.436798
5241	5961.500804	65.619000	11.954360	4.641779	13.099841
5243	5963.567586	65.799706	12.098349	4.643537	13.092584
5245	5965.634296	65.663902	12.164569	4.646076	12.923633
5247	5967.701257	65.453359	12.045185	4.646401	13.046644
5249	5969.768137	63.931352	10.275319	4.648525	12.967425
5251	5971.835478	63.594588	10.197274	4.650290	13.086785
5253	5973.902549	63.718884	10.308857	4.651223	12.663173
5255	5975.969391	64.888369	11.937773	4.650021	12.925558
5257	5978.035951	65.018722	12.039392	4.652249	13.032021
5259	5980.103494	64.800587	11.968459	4.652563	12.989479
5261	5982.170316	63.131535	10.210495	4.656315	12.896867
5263	5984.237221	63.243948	10.308988	4.656878	12.758524
5265	5986.304569	63.173930	10.245258	4.658268	12.509158
5267	5988.371525	63.039293	10.293652	4.660000	12.731701
5269	5990.438952	63.026101	10.267268	4.661341	12.523725
